MutationType	SBS1	SBS2	SBS4	SBS5	SBS7b	SBS13	SBS16	SBS19	SBS85
A[C>A]A	0.00029037	0.00000046	0.02681554	0.00887598	0.00139905	0.00146805	0.01672653	0.00082169	0.00714549
A[C>A]C	0.00116282	0.00018252	0.03292920	0.01086601	0.00043077	0.00090504	0.00471788	0.00064539	0.00160925
A[C>A]G	0.00015306	0.00010936	0.02615690	0.00361072	0.00029470	0.00056190	0.00281367	0.00041998	0.00094893
A[C>A]T	0.00042534	0.00007858	0.01900665	0.00495731	0.00043226	0.00028462	0.01123572	0.00037458	0.00323783
A[C>G]A	0.00060958	0.00000000	0.00437818	0.00747062	0.00000514	0.00312163	0.00181901	0.00206392	0.00850246
A[C>G]C	0.00062221	0.00016402	0.00280838	0.00656104	0.00017660	0.00119375	0.00326998	0.00180226	0.00466599
A[C>G]G	0.00009945	0.00003178	0.00214621	0.00335700	0.00080012	0.00056190	0.00233645	0.00105165	0.00130922
A[C>G]T	0.00037882	0.00007328	0.00228724	0.00757471	0.00017351	0.00327144	0.01218970	0.00140387	0.01551396
A[C>T]A	0.00819324	0.00004842	0.00552832	0.02411308	0.00084663	0.00579154	0.00183992	0.01811593	0.00161564
A[C>T]C	0.00322326	0.00170190	0.00413346	0.02060397	0.03560117	0.00000000	0.00606817	0.01419661	0.00270382
A[C>T]G	0.31564298	0.00006838	0.00131288	0.01206177	0.00086033	0.00064491	0.00902031	0.00264620	0.00137614
A[C>T]T	0.00318340	0.00149457	0.00273825	0.01649936	0.00657521	0.00026008	0.00635984	0.02414125	0.00543783
A[T>A]A	0.00014491	0.00004200	0.00330841	0.00301708	0.00082636	0.00000000	0.01334728	0.00028107	0.07265657
A[T>A]C	0.00082127	0.00078191	0.00252067	0.00576018	0.00031511	0.00005910	0.00909273	0.00018540	0.01723574
A[T>A]G	0.00038842	0.00002101	0.00819183	0.00701318	0.00097384	0.00049477	0.00957518	0.00064036	0.02578857
A[T>A]T	0.00003814	0.00000000	0.00170112	0.00291611	0.00316525	0.00031083	0.00731234	0.00026907	0.05252567
A[T>C]A	0.00019744	0.00002702	0.00279213	0.01888739	0.00033851	0.00085153	0.13982862	0.00092618	0.01920493
A[T>C]C	0.00111958	0.00001915	0.00051056	0.01113800	0.00030769	0.00012871	0.01515455	0.00043187	0.02695449
A[T>C]G	0.00003612	0.00001088	0.00330316	0.02937540	0.00093638	0.00035892	0.06944997	0.00155382	0.00619561
A[T>C]T	0.00119620	0.00007811	0.00063034	0.01801405	0.00082090	0.00049189	0.09040708	0.00071586	0.04426491
A[T>G]A	0.00003116	0.00010425	0.00036877	0.00157804	0.00002802	0.00002737	0.00647141	0.00083321	0.01548385
A[T>G]C	0.00007623	0.00006643	0.00011354	0.00216110	0.00062887	0.00000000	0.00518074	0.00137414	0.00453622
A[T>G]G	0.00009131	0.00000169	0.00093810	0.00610578	0.00091765	0.00006919	0.00502127	0.00119059	0.00548033
A[T>G]T	0.00002334	0.00000189	0.00008728	0.00227175	0.00027987	0.00016413	0.00529147	0.00066649	0.00237533
C[C>A]A	0.00015518	0.00025017	0.07782556	0.00834062	0.00103886	0.00171385	0.01650038	0.00129614	0.00760547
C[C>A]C	0.00110903	0.00014277	0.09574321	0.00858576	0.00175948	0.00147612	0.01784634	0.00093815	0.00068036
C[C>A]G	0.00012254	0.00000000	0.06246721	0.01026888	0.00098299	0.00001401	0.00729872	0.00061267	0.00074154
C[C>A]T	0.00000000	0.00051319	0.06744092	0.00738380	0.00137614	0.00000000	0.00400392	0.00003425	0.00155610
C[C>G]A	0.00001198	0.00000000	0.00755110	0.00781302	0.00041737	0.00686764	0.00563234	0.00173800	0.00218296
C[C>G]C	0.00004757	0.00052587	0.00825290	0.01268288	0.00108974	0.00098814	0.00897258	0.00221389	0.00046696
C[C>G]G	0.00046288	0.00015485	0.00866892	0.00739003	0.00190575	0.00157944	0.00612422	0.00012493	0.00018956
C[C>G]T	0.00000000	0.00007752	0.00666590	0.01084247	0.00082199	0.00794054	0.01546896	0.00320449	0.00087505
C[C>T]A	0.00099476	0.00519578	0.01224764	0.02177767	0.09750677	0.00002363	0.01137574	0.11684878	0.00291967
C[C>T]C	0.00016728	0.00025469	0.01381489	0.02656832	0.20659666	0.00205863	0.00561280	0.11252939	0.00082064
C[C>T]G	0.25774109	0.00880814	0.00843945	0.05193798	0.05324521	0.00644072	0.00289852	0.04075812	0.00011364
C[C>T]T	0.00009880	0.00176751	0.01563847	0.02628133	0.11637165	0.00179903	0.03103441	0.25675716	0.00424849
C[T>A]A	0.00001060	0.00014481	0.00688081	0.00196898	0.00050571	0.00012677	0.00252345	0.00004673	0.00874555
C[T>A]C	0.00018917	0.00028401	0.01138640	0.00563839	0.00084488	0.00040518	0.00875212	0.00038297	0.00196087
C[T>A]G	0.00017618	0.00019592	0.03426502	0.00614846	0.00087969	0.00030246	0.00178656	0.00031560	0.00034821
C[T>A]T	0.00010026	0.00000000	0.00882283	0.00374244	0.00007913	0.00049639	0.00803250	0.00016596	0.01459022
C[T>C]A	0.00000000	0.00017997	0.00247518	0.00739758	0.00069083	0.00002875	0.00841149	0.00021991	0.00634866
C[T>C]C	0.00120340	0.00003317	0.00220262	0.01129851	0.00074081	0.00014454	0.00486741	0.00007739	0.01071739
C[T>C]G	0.00019575	0.00000000	0.00579870	0.02552654	0.00072727	0.00000000	0.01666874	0.00053460	0.00163779
C[T>C]T	0.00001642	0.00017344	0.00191411	0.01296800	0.00404839	0.00010630	0.01906643	0.00029767	0.02338763
C[T>G]A	0.00000875	0.00009118	0.00041572	0.00144058	0.00016210	0.00002511	0.00311304	0.00034738	0.00330199
C[T>G]C	0.00010205	0.00018042	0.00041159	0.00500828	0.00069848	0.00000334	0.00165830	0.00198610	0.00427754
C[T>G]G	0.00006960	0.00015910	0.00399583	0.00752296	0.00128517	0.00000000	0.00388533	0.00142774	0.00218443
C[T>G]T	0.00006594	0.00018930	0.00089724	0.00635345	0.00000260	0.00005268	0.00312443	0.00167485	0.00242941
G[C>A]A	0.00079209	0.00010449	0.03071594	0.01154085	0.00068520	0.00117095	0.01376866	0.00080562	0.00258813
G[C>A]C	0.00022434	0.00000000	0.04465308	0.01142601	0.00026068	0.00073459	0.00897166	0.00035536	0.00119666
G[C>A]G	0.00074413	0.00004261	0.03760611	0.00669489	0.00016936	0.00051169	0.00549943	0.00051304	0.00164684
G[C>A]T	0.00000000	0.00006656	0.02209817	0.00827496	0.00014479	0.00008138	0.00994627	0.00028974	0.00147079
G[C>G]A	0.00000481	0.00007928	0.00514200	0.00529521	0.00004695	0.00185082	0.00167910	0.00129651	0.00286896
G[C>G]C	0.00010853	0.00041767	0.00737802	0.00758747	0.00054804	0.00078020	0.00652292	0.00168535	0.01200853
G[C>G]G	0.00021043	0.00000000	0.00811112	0.00432021	0.00078271	0.00075193	0.00032885	0.00149407	0.00012183
G[C>G]T	0.00000000	0.00017420	0.00316879	0.00815362	0.00027284	0.00357256	0.00553904	0.00033962	0.00614209
G[C>T]A	0.00222588	0.00000000	0.00397558	0.02195025	0.00078532	0.00885925	0.01039446	0.06037193	0.00159460
G[C>T]C	0.00006140	0.00000021	0.00572278	0.03226167	0.03188822	0.00150012	0.01116708	0.05186701	0.00114943
G[C>T]G	0.27635351	0.00000000	0.00118472	0.03519111	0.00040877	0.00055537	0.00473113	0.00803342	0.00052923
G[C>T]T	0.00002064	0.00006552	0.00397142	0.02256807	0.00530899	0.00168043	0.01152395	0.11568458	0.00803325
G[T>A]A	0.00002612	0.00000000	0.00575139	0.00266483	0.00031005	0.00000531	0.00096468	0.00012004	0.01988822
G[T>A]C	0.00006708	0.00016473	0.00362977	0.00341531	0.00024390	0.00016639	0.00100854	0.00007991	0.00187424
G[T>A]G	0.00011247	0.00007053	0.01161292	0.00424105	0.00054951	0.00005289	0.00809422	0.00043867	0.00577125
G[T>A]T	0.00008174	0.00004811	0.00339081	0.00230240	0.00003246	0.00027915	0.00097623	0.00017700	0.01324474
G[T>C]A	0.00033781	0.00000000	0.00180901	0.01023816	0.00015679	0.00022726	0.00211408	0.00060593	0.02490835
G[T>C]C	0.00098803	0.00003445	0.00118976	0.00931876	0.00000000	0.00023294	0.00197395	0.00038087	0.02164215
G[T>C]G	0.00053493	0.00011830	0.00210096	0.01547827	0.00044313	0.00021943	0.00624203	0.00086018	0.01059545
G[T>C]T	0.00002258	0.00000958	0.00046378	0.00979594	0.00397610	0.00000000	0.00242542	0.00147606	0.06144829
G[T>G]A	0.00000000	0.00016259	0.00037303	0.00182980	0.00019039	0.00006945	0.00092568	0.00040395	0.00888275
G[T>G]C	0.00000000	0.00016724	0.00025509	0.00200694	0.00030583	0.00000000	0.00149456	0.00072171	0.00149190
G[T>G]G	0.00015911	0.00004102	0.00215415	0.00546899	0.00201878	0.00047937	0.00098443	0.00046033	0.00319127
G[T>G]T	0.00000462	0.00000000	0.00015480	0.00168033	0.00106223	0.00000225	0.00241532	0.00021328	0.00332627
T[C>A]A	0.00002421	0.00056854	0.02839379	0.00652715	0.00195497	0.07154231	0.01267581	0.00100242	0.00256542
T[C>A]C	0.00129767	0.00021085	0.04664171	0.01061529	0.00330786	0.03711458	0.00960398	0.00114422	0.00031162
T[C>A]G	0.00000000	0.00020405	0.02090780	0.00513536	0.00054376	0.02946205	0.00470197	0.00055661	0.00000001
T[C>A]T	0.00000216	0.00039165	0.02947634	0.01055087	0.00095092	0.03216233	0.01086118	0.00100284	0.00271580
T[C>G]A	0.00000000	0.00000000	0.00255401	0.00648563	0.00017123	0.28707485	0.00294595	0.00127118	0.00125078
T[C>G]C	0.00010412	0.00012241	0.00591723	0.00879784	0.00152237	0.08016244	0.00855687	0.00315925	0.00343828
T[C>G]G	0.00006864	0.00009856	0.00351021	0.00381803	0.00065976	0.03360134	0.00138535	0.00086129	0.00060306
T[C>G]T	0.00057423	0.00105033	0.00241235	0.01038471	0.00048153	0.33430699	0.03346417	0.00116998	0.00824200
T[C>T]A	0.00040842	0.47689579	0.00266816	0.01685766	0.00445599	0.00627580	0.00746464	0.03188844	0.00504487
T[C>T]C	0.00001913	0.12067932	0.00695150	0.02662504	0.19828337	0.00565556	0.00602090	0.02531454	0.00551425
T[C>T]G	0.10882185	0.10573594	0.00053900	0.03550095	0.10403897	0.00289751	0.00953017	0.00843712	0.00056035
T[C>T]T	0.00000000	0.26703191	0.00515301	0.01744631	0.06879009	0.00128649	0.02594941	0.04570909	0.05101749
T[T>A]A	0.00129052	0.00019597	0.00330648	0.00273491	0.00113999	0.00013991	0.00753477	0.00018729	0.04144201
T[T>A]C	0.00000000	0.00017635	0.00317424	0.00354914	0.00155888	0.00021689	0.00565836	0.00035619	0.01061716
T[T>A]G	0.00000897	0.00003883	0.00592857	0.00346496	0.00099828	0.00014830	0.00529594	0.00023601	0.00773877
T[T>A]T	0.00048697	0.00010729	0.00235841	0.00427416	0.00000000	0.00003303	0.00494319	0.00028756	0.04873781
T[T>C]A	0.00004897	0.00000000	0.00089737	0.00780165	0.00211109	0.00001045	0.00796358	0.00047011	0.00892716
T[T>C]C	0.00128767	0.00003995	0.00037045	0.00832420	0.00120396	0.00002328	0.00444672	0.00041468	0.03176945
T[T>C]G	0.00013333	0.00009068	0.00108131	0.00918683	0.00223732	0.00007873	0.00739182	0.00068337	0.00439443
T[T>C]T	0.00093716	0.00001874	0.00026689	0.00903680	0.00117772	0.00028286	0.00579236	0.00062810	0.07299570
T[T>G]A	0.00000000	0.00000775	0.00014038	0.00226248	0.00033602	0.00008697	0.00599106	0.00062935	0.00489373
T[T>G]C	0.00002093	0.00006466	0.00012815	0.00562376	0.00107869	0.00000000	0.00667614	0.00151475	0.00872329
T[T>G]G	0.00018686	0.00007394	0.00144175	0.00502021	0.00079275	0.00002895	0.00535728	0.00130979	0.00391915
T[T>G]T	0.00000000	0.00000000	0.00023836	0.00659442	0.00070187	0.00001007	0.01090815	0.00180739	0.00986328
