Samples	SBS96A	SBS96B	SBS96C
TCGA-4P-AA8J	7.59E-01	1.05E+00	1.17E+00
TCGA-BA-4074	6.53E-01	8.32E-01	1.09E+00
TCGA-BA-4075	5.48E-01	1.05E+00	1.06E+00
TCGA-BA-4076	7.96E-01	1.43E+00	1.19E+00
TCGA-BA-4077	1.20E+00	1.43E+00	1.50E+00
TCGA-BA-4078	1.24E+00	2.14E+00	2.10E+00
TCGA-BA-5149	5.88E-01	8.24E-01	8.02E-01
TCGA-BA-5151	5.89E-01	7.41E-01	9.00E-01
TCGA-BA-5152	7.83E-01	7.23E-01	3.47E-01
TCGA-BA-5153	2.32E-01	5.08E-01	5.57E-01
TCGA-BA-5555	5.12E-01	1.06E+00	1.06E+00
TCGA-BA-5556	5.48E-01	1.14E+00	1.17E+00
TCGA-BA-5557	2.79E-01	3.74E-01	4.51E-01
TCGA-BA-5558	9.12E-01	4.68E-01	9.14E-01
TCGA-BA-5559	4.61E-01	6.41E-01	6.94E-01
TCGA-BA-6868	8.30E-01	1.14E+00	1.17E+00
TCGA-BA-6869	9.06E-01	2.27E+00	2.18E+00
TCGA-BA-6870	4.93E-01	8.56E-01	8.85E-01
TCGA-BA-6871	7.80E-01	9.86E-01	1.08E+00
TCGA-BA-6872	7.98E-01	1.13E+00	1.34E+00
TCGA-BA-6873	4.48E-01	4.84E-01	6.26E-01
TCGA-BA-7269	5.32E-01	9.62E-01	9.93E-01
TCGA-BA-A4IF	6.14E-01	6.76E-01	7.34E-01
TCGA-BA-A4IG	6.68E-01	1.24E+00	1.32E+00
TCGA-BA-A4IH	3.89E-01	5.64E-01	5.72E-01
TCGA-BA-A4II	5.28E-01	8.34E-01	8.58E-01
TCGA-BA-A6D8	5.33E-01	8.54E-01	8.48E-01
TCGA-BA-A6DA	1.28E+00	2.73E+00	2.62E+00
TCGA-BA-A6DB	1.01E-01	2.20E-01	2.48E-01
TCGA-BA-A6DD	1.61E-01	5.94E-01	6.34E-01
TCGA-BA-A6DE	7.44E-01	1.00E+00	9.98E-01
TCGA-BA-A6DG	1.00E-02	3.06E-01	3.06E-01
TCGA-BA-A6DI	5.93E-01	8.71E-01	9.47E-01
TCGA-BA-A6DJ	1.17E+00	7.17E-01	1.13E+00
TCGA-BA-A6DL	5.30E-01	8.23E-01	8.27E-01
TCGA-BA-A8YP	9.80E-01	1.12E+00	1.24E+00
TCGA-BB-4217	8.84E-02	2.97E-01	3.05E-01
TCGA-BB-4223	5.45E-01	4.51E-01	5.82E-01
TCGA-BB-4224	5.99E-01	5.67E-01	6.71E-01
TCGA-BB-4225	6.52E-01	0.00E+00	6.53E-01
TCGA-BB-4227	9.13E-01	5.98E-01	1.01E+00
TCGA-BB-4228	4.23E-01	4.08E-01	5.50E-01
TCGA-BB-7870	6.85E-01	1.53E+00	1.66E+00
TCGA-BB-8596	6.16E-01	7.01E-01	8.40E-01
TCGA-BB-8601	3.52E-01	7.82E-01	7.67E-01
TCGA-BB-A5HU	8.40E-01	7.80E-01	8.16E-01
TCGA-BB-A5HY	1.07E+00	1.50E+00	1.61E+00
TCGA-BB-A5HZ	5.32E-01	8.72E-01	9.12E-01
TCGA-BB-A6UM	3.00E-02	7.39E-02	7.95E-02
TCGA-BB-A6UO	4.85E-01	9.45E-01	1.11E+00
TCGA-C9-A47Z	4.67E-01	7.99E-01	8.33E-01
TCGA-C9-A480	5.37E-01	4.79E-01	5.77E-01
TCGA-CN-4725	9.59E-02	4.90E-01	4.87E-01
TCGA-CN-4726	5.04E-01	6.87E-01	6.74E-01
TCGA-CN-4727	8.98E-01	2.05E+00	1.85E+00
TCGA-CN-4728	6.10E-01	6.57E-01	8.25E-01
TCGA-CN-4729	7.84E-01	8.22E-01	9.86E-01
TCGA-CN-4730	1.06E+00	1.07E+00	1.31E+00
TCGA-CN-4731	6.33E-01	9.85E-01	1.03E+00
TCGA-CN-4733	1.11E-01	1.25E-01	1.71E-01
TCGA-CN-4734	1.09E+00	6.77E-01	1.06E+00
TCGA-CN-4735	8.88E-01	9.81E-01	1.11E+00
TCGA-CN-4736	3.33E-01	8.64E-01	8.87E-01
TCGA-CN-4737	2.50E-01	5.11E-01	4.88E-01
TCGA-CN-4738	5.82E-01	7.81E-01	8.11E-01
TCGA-CN-4739	6.17E-01	1.23E+00	1.24E+00
TCGA-CN-4740	9.48E-01	8.99E-01	1.07E+00
TCGA-CN-4741	6.42E-01	8.57E-01	9.49E-01
TCGA-CN-4742	4.01E-01	7.88E-01	7.44E-01
TCGA-CN-5355	2.81E-01	9.31E-01	9.32E-01
TCGA-CN-5356	8.49E-01	1.92E+00	1.68E+00
TCGA-CN-5358	2.98E-01	3.60E-01	3.33E-01
TCGA-CN-5359	5.12E-01	8.24E-01	8.65E-01
TCGA-CN-5360	1.03E+00	2.14E+00	2.21E+00
TCGA-CN-5361	9.29E-01	8.69E-01	8.23E-01
TCGA-CN-5363	7.90E-01	1.20E+00	1.27E+00
TCGA-CN-5364	6.70E-01	1.01E+00	1.10E+00
TCGA-CN-5365	5.57E-01	8.97E-01	8.70E-01
TCGA-CN-5366	6.64E-01	5.41E-01	7.74E-01
TCGA-CN-5367	3.96E-01	8.28E-01	8.61E-01
TCGA-CN-5369	1.18E+00	9.06E-01	1.33E+00
TCGA-CN-5370	6.22E-01	5.70E-01	7.69E-01
TCGA-CN-5373	6.42E-01	8.91E-01	1.12E+00
TCGA-CN-5374	8.58E-01	4.96E-01	9.03E-01
TCGA-CN-6010	3.65E-01	9.46E-01	9.43E-01
TCGA-CN-6011	1.22E+00	1.11E+00	1.42E+00
TCGA-CN-6012	6.31E-01	9.13E-01	9.31E-01
TCGA-CN-6013	8.88E-01	2.16E-01	8.92E-01
TCGA-CN-6016	6.98E-01	6.87E-01	8.62E-01
TCGA-CN-6018	6.47E-01	5.34E-01	7.85E-01
TCGA-CN-6019	5.23E-01	1.11E+00	1.20E+00
TCGA-CN-6020	6.84E-01	8.02E-01	9.74E-01
TCGA-CN-6021	9.95E-01	1.54E+00	1.63E+00
TCGA-CN-6022	6.12E-01	7.10E-01	7.86E-01
TCGA-CN-6023	5.85E-01	9.31E-01	9.14E-01
TCGA-CN-6024	6.00E-01	1.48E+00	1.47E+00
TCGA-CN-6988	5.11E-01	1.21E+00	1.19E+00
TCGA-CN-6989	6.30E-01	7.35E-01	9.48E-01
TCGA-CN-6992	9.29E-01	1.61E+00	1.58E+00
TCGA-CN-6994	8.13E-01	7.81E-01	8.86E-01
TCGA-CN-6995	7.22E-01	1.29E+00	1.45E+00
TCGA-CN-6996	4.94E-01	4.10E-01	6.26E-01
TCGA-CN-6997	7.22E-01	1.15E+00	1.16E+00
TCGA-CN-6998	6.47E-01	3.81E-01	6.60E-01
TCGA-CN-A497	7.30E-01	1.64E+00	1.67E+00
TCGA-CN-A498	6.68E-01	9.34E-01	9.69E-01
TCGA-CN-A499	1.99E-01	1.88E-01	2.63E-01
TCGA-CN-A49A	8.27E-01	8.01E-01	9.09E-01
TCGA-CN-A49B	7.62E-01	6.87E-01	9.64E-01
TCGA-CN-A49C	4.06E-01	1.25E-01	4.36E-01
TCGA-CN-A63T	8.67E-01	1.34E+00	1.45E+00
TCGA-CN-A63U	8.66E-01	2.38E+00	2.27E+00
TCGA-CN-A63V	3.90E-01	8.24E-01	8.71E-01
TCGA-CN-A63W	1.02E+00	1.86E+00	1.77E+00
TCGA-CN-A641	7.19E-01	1.38E+00	1.38E+00
TCGA-CN-A642	5.06E-01	2.90E-01	5.48E-01
TCGA-CN-A6UY	4.05E-01	5.49E-01	6.01E-01
TCGA-CN-A6V1	6.51E-01	2.20E-01	6.78E-01
TCGA-CN-A6V3	7.19E-01	1.13E+00	1.15E+00
TCGA-CN-A6V6	5.65E-01	5.59E-01	7.76E-01
TCGA-CN-A6V7	5.49E-01	2.15E-01	6.00E-01
TCGA-CQ-5323	2.71E-01	4.74E-01	5.44E-01
TCGA-CQ-5324	5.06E-01	3.46E-01	5.79E-01
TCGA-CQ-5325	3.36E-01	7.14E-01	7.09E-01
TCGA-CQ-5326	1.02E+00	7.78E-01	1.16E+00
TCGA-CQ-5327	1.06E+00	4.30E-01	1.13E+00
TCGA-CQ-5329	7.02E-02	3.38E-01	3.60E-01
TCGA-CQ-5330	2.32E-01	3.48E-01	4.34E-01
TCGA-CQ-5331	8.03E-01	7.76E-01	7.67E-01
TCGA-CQ-5332	5.96E-01	1.07E+00	1.21E+00
TCGA-CQ-5333	1.10E+00	7.73E-01	1.11E+00
TCGA-CQ-5334	1.01E+00	7.60E-01	1.08E+00
TCGA-CQ-6218	8.49E-01	8.81E-01	1.07E+00
TCGA-CQ-6219	4.53E-01	4.60E-01	5.48E-01
TCGA-CQ-6220	7.12E-01	5.87E-01	8.16E-01
TCGA-CQ-6221	7.47E-01	8.21E-01	7.93E-01
TCGA-CQ-6222	2.64E-01	3.89E-01	4.56E-01
TCGA-CQ-6223	3.55E-01	7.12E-01	6.95E-01
TCGA-CQ-6224	4.00E-01	2.62E-01	4.58E-01
TCGA-CQ-6225	6.66E-01	1.14E+00	1.13E+00
TCGA-CQ-6227	3.81E-01	4.66E-01	5.63E-01
TCGA-CQ-6228	4.57E-01	9.12E-01	9.31E-01
TCGA-CQ-6229	7.43E-02	3.01E-01	2.94E-01
TCGA-CQ-7063	9.06E-01	4.14E-01	8.39E-01
TCGA-CQ-7065	2.91E-01	2.84E-01	3.82E-01
TCGA-CQ-7068	7.82E-01	5.79E-01	8.76E-01
TCGA-CQ-7069	6.59E-01	3.51E-01	6.48E-01
TCGA-CQ-7071	1.40E+00	1.09E+00	1.21E+00
TCGA-CQ-7072	4.00E-01	1.08E+00	1.14E+00
TCGA-CQ-A4C6	9.12E-01	4.81E-01	8.81E-01
TCGA-CQ-A4C7	3.88E-01	5.05E-01	6.08E-01
TCGA-CQ-A4C9	6.25E-01	5.83E-01	7.07E-01
TCGA-CQ-A4CB	6.44E-01	6.76E-01	8.32E-01
TCGA-CQ-A4CD	8.82E-01	6.64E-01	1.02E+00
TCGA-CQ-A4CE	3.91E-01	3.83E-01	5.29E-01
TCGA-CQ-A4CG	4.64E-01	8.44E-01	9.96E-01
TCGA-CQ-A4CH	0.00E+00	1.10E-01	1.10E-01
TCGA-CQ-A4CI	5.12E-01	8.25E-01	8.83E-01
TCGA-CR-5243	6.07E-01	5.59E-01	7.29E-01
TCGA-CR-5247	2.96E-01	7.18E-01	7.37E-01
TCGA-CR-5248	1.34E+00	6.53E-01	1.42E+00
TCGA-CR-5249	3.16E-01	2.92E-01	3.89E-01
TCGA-CR-5250	3.24E-01	5.64E-01	6.43E-01
TCGA-CR-6467	3.77E-01	4.49E-01	5.37E-01
TCGA-CR-6470	3.10E-01	0.00E+00	3.11E-01
TCGA-CR-6471	6.35E-01	9.52E-01	1.05E+00
TCGA-CR-6472	9.16E-01	9.13E-01	2.53E-01
TCGA-CR-6473	6.83E-01	5.61E-01	8.66E-01
TCGA-CR-6474	5.85E-01	9.26E-01	8.41E-01
TCGA-CR-6477	4.30E-01	6.61E-01	7.09E-01
TCGA-CR-6478	8.16E-01	6.87E-01	1.08E+00
TCGA-CR-6480	8.27E-01	4.13E-01	7.89E-01
TCGA-CR-6481	1.17E+00	6.51E-01	9.45E-01
TCGA-CR-6482	4.12E-01	4.30E-01	5.81E-01
TCGA-CR-6484	1.15E+00	5.12E-01	1.05E+00
TCGA-CR-6487	7.75E-01	3.75E-01	8.75E-01
TCGA-CR-6488	1.75E-01	4.24E-01	4.41E-01
TCGA-CR-6491	4.47E-01	1.14E+00	1.15E+00
TCGA-CR-6492	4.14E-01	4.28E-01	5.36E-01
TCGA-CR-6493	3.34E-01	5.12E-01	4.60E-01
TCGA-CR-7364	1.20E+00	2.17E+00	2.16E+00
TCGA-CR-7365	1.07E+00	9.11E-01	9.90E-01
TCGA-CR-7367	6.58E-01	1.04E+00	1.14E+00
TCGA-CR-7368	9.07E-01	9.67E-01	1.29E+00
TCGA-CR-7369	3.82E-01	7.26E-01	7.36E-01
TCGA-CR-7370	1.29E+00	2.14E+00	2.01E+00
TCGA-CR-7371	1.29E+00	1.35E+00	1.29E+00
TCGA-CR-7372	6.44E-02	5.68E-01	5.73E-01
TCGA-CR-7373	7.46E-01	5.55E-01	8.50E-01
TCGA-CR-7374	1.27E+00	1.53E+00	1.58E+00
TCGA-CR-7376	3.72E-01	1.27E-01	3.84E-01
TCGA-CR-7377	5.58E-01	7.58E-01	8.99E-01
TCGA-CR-7379	6.15E-01	8.91E-01	9.19E-01
TCGA-CR-7380	4.57E-01	5.21E-01	6.65E-01
TCGA-CR-7382	6.07E-01	1.87E-01	6.22E-01
TCGA-CR-7383	4.75E-01	9.96E-01	1.01E+00
TCGA-CR-7385	5.16E-01	3.69E-01	5.73E-01
TCGA-CR-7386	8.15E-01	0.00E+00	8.15E-01
TCGA-CR-7388	1.75E+00	2.35E+00	2.11E+00
TCGA-CR-7389	1.31E-01	8.70E-01	8.57E-01
TCGA-CR-7390	8.42E-01	9.51E-01	1.08E+00
TCGA-CR-7391	7.56E-02	0.00E+00	7.56E-02
TCGA-CR-7392	1.54E-01	8.27E-02	1.76E-01
TCGA-CR-7394	8.75E-01	4.37E-01	8.96E-01
TCGA-CR-7395	8.58E-01	5.10E-01	1.02E+00
TCGA-CR-7397	3.84E-01	1.46E-01	4.15E-01
TCGA-CR-7398	1.06E+00	1.55E+00	1.51E+00
TCGA-CR-7399	1.03E+00	1.48E+00	1.58E+00
TCGA-CR-7401	5.37E-01	5.61E-01	6.51E-01
TCGA-CR-7404	7.57E-01	2.50E-01	8.10E-01
TCGA-CV-5430	1.01E+00	9.94E-01	1.12E+00
TCGA-CV-5432	8.37E-01	1.59E+00	1.58E+00
TCGA-CV-5434	5.96E-01	1.02E+00	1.07E+00
TCGA-CV-5435	6.42E-01	1.01E+00	1.01E+00
TCGA-CV-5436	6.19E-01	7.60E-01	9.16E-01
TCGA-CV-5439	4.75E-01	9.31E-01	9.92E-01
TCGA-CV-5440	7.87E-01	8.78E-01	1.00E+00
TCGA-CV-5441	8.25E-01	1.69E+00	1.77E+00
TCGA-CV-5442	1.29E+00	4.86E-01	1.34E+00
TCGA-CV-5443	3.61E-01	4.35E-01	5.59E-01
TCGA-CV-5444	7.30E-01	6.09E-01	8.36E-01
TCGA-CV-5966	6.59E-01	9.40E-01	1.11E+00
TCGA-CV-5970	1.05E+00	6.59E-01	1.15E+00
TCGA-CV-5971	1.44E-01	0.00E+00	1.44E-01
TCGA-CV-5973	3.50E-01	4.17E-01	5.11E-01
TCGA-CV-5976	6.01E-01	7.00E-01	9.11E-01
TCGA-CV-5977	6.89E-01	5.39E-01	8.02E-01
TCGA-CV-5978	5.78E-01	1.15E+00	1.18E+00
TCGA-CV-5979	1.87E-01	3.47E-01	3.69E-01
TCGA-CV-6003	5.94E-01	5.28E-01	7.34E-01
TCGA-CV-6433	2.91E-01	5.56E-01	5.99E-01
TCGA-CV-6436	6.14E-01	5.47E-01	7.77E-01
TCGA-CV-6441	1.11E+00	1.13E+00	1.19E+00
TCGA-CV-6933	5.90E-01	9.18E-01	1.00E+00
TCGA-CV-6934	4.63E-01	1.08E+00	1.02E+00
TCGA-CV-6935	9.31E-01	1.26E+00	1.24E+00
TCGA-CV-6936	1.23E+00	1.00E+00	1.39E+00
TCGA-CV-6937	6.60E-01	9.65E-01	1.05E+00
TCGA-CV-6938	6.09E-01	7.85E-01	8.50E-01
TCGA-CV-6939	2.18E-01	4.58E-01	5.00E-01
TCGA-CV-6940	9.74E-01	8.46E-01	1.08E+00
TCGA-CV-6941	5.96E-01	1.19E+00	1.24E+00
TCGA-CV-6942	1.05E+00	9.20E-01	1.08E+00
TCGA-CV-6943	4.40E-01	2.49E-01	4.25E-01
TCGA-CV-6945	6.83E-01	9.19E-01	9.67E-01
TCGA-CV-6948	9.45E-01	1.16E+00	1.18E+00
TCGA-CV-6950	3.12E-01	5.83E-01	6.78E-01
TCGA-CV-6951	8.60E-01	1.02E+00	1.04E+00
TCGA-CV-6952	8.61E-01	1.13E+00	1.36E+00
TCGA-CV-6953	7.18E-01	7.91E-01	8.30E-01
TCGA-CV-6954	6.06E-01	1.04E+00	1.07E+00
TCGA-CV-6955	5.81E-01	6.90E-01	7.97E-01
TCGA-CV-6956	9.47E-01	1.24E+00	1.44E+00
TCGA-CV-6959	4.58E-01	6.56E-01	6.66E-01
TCGA-CV-6960	7.64E-01	1.09E+00	1.05E+00
TCGA-CV-6961	1.20E+00	1.04E+00	1.16E+00
TCGA-CV-6962	3.40E-01	9.91E-01	1.03E+00
TCGA-CV-7089	8.57E-01	1.07E+00	1.07E+00
TCGA-CV-7090	4.72E-01	4.64E-01	6.44E-01
TCGA-CV-7091	8.02E-01	9.28E-01	1.00E+00
TCGA-CV-7095	1.23E+00	1.04E+00	1.28E+00
TCGA-CV-7097	5.22E-01	7.18E-01	8.60E-01
TCGA-CV-7099	1.07E+00	7.12E-01	1.04E+00
TCGA-CV-7100	2.08E-01	2.77E-01	2.72E-01
TCGA-CV-7101	9.27E-01	1.09E+00	1.30E+00
TCGA-CV-7102	8.52E-01	9.70E-01	1.16E+00
TCGA-CV-7103	3.63E-01	5.41E-01	6.13E-01
TCGA-CV-7104	7.92E-01	8.57E-01	9.77E-01
TCGA-CV-7177	6.65E-01	7.05E-01	9.05E-01
TCGA-CV-7178	6.88E-01	8.76E-01	1.00E+00
TCGA-CV-7180	4.25E-01	5.97E-01	6.62E-01
TCGA-CV-7183	4.08E-01	5.42E-01	5.79E-01
TCGA-CV-7235	6.80E-01	1.06E+00	1.06E+00
TCGA-CV-7236	1.00E-02	3.27E-01	3.27E-01
TCGA-CV-7238	4.35E-01	3.60E-01	5.28E-01
TCGA-CV-7242	8.69E-01	1.50E+00	1.48E+00
TCGA-CV-7243	5.11E-01	4.08E-01	6.59E-01
TCGA-CV-7245	1.13E+00	2.20E+00	2.11E+00
TCGA-CV-7247	5.23E-01	7.07E-01	7.94E-01
TCGA-CV-7248	7.47E-01	1.34E+00	1.40E+00
TCGA-CV-7250	5.93E-01	1.21E+00	1.20E+00
TCGA-CV-7252	1.12E+00	8.90E-01	1.38E+00
TCGA-CV-7253	5.06E-01	1.22E+00	1.25E+00
TCGA-CV-7254	7.18E-01	1.38E+00	1.32E+00
TCGA-CV-7255	4.44E-01	7.50E-01	7.86E-01
TCGA-CV-7261	5.89E-01	7.28E-01	7.87E-01
TCGA-CV-7263	3.98E-01	8.90E-01	9.40E-01
TCGA-CV-7406	9.41E-01	5.86E-01	1.08E+00
TCGA-CV-7407	6.00E-01	7.88E-01	8.48E-01
TCGA-CV-7410	3.19E-01	2.77E-01	2.91E-01
TCGA-CV-7411	7.39E-01	1.01E+00	9.81E-01
TCGA-CV-7413	6.41E-01	4.72E-01	7.28E-01
TCGA-CV-7414	1.06E+00	1.22E+00	1.22E+00
TCGA-CV-7415	5.29E-01	6.07E-01	7.82E-01
TCGA-CV-7416	6.70E-01	4.11E-01	7.76E-01
TCGA-CV-7418	6.89E-01	1.15E+00	1.06E+00
TCGA-CV-7421	5.11E-01	5.25E-01	7.01E-01
TCGA-CV-7422	7.52E-01	9.85E-01	1.07E+00
TCGA-CV-7423	5.25E-01	6.21E-01	7.19E-01
TCGA-CV-7424	9.52E-01	1.10E+00	1.30E+00
TCGA-CV-7425	7.24E-01	7.51E-01	8.67E-01
TCGA-CV-7427	6.79E-01	6.21E-01	2.83E-01
TCGA-CV-7429	5.17E-01	6.27E-01	6.28E-01
TCGA-CV-7430	5.97E-01	1.12E+00	1.09E+00
TCGA-CV-7432	6.46E-01	1.07E+00	1.13E+00
TCGA-CV-7433	6.12E-01	8.86E-01	9.93E-01
TCGA-CV-7434	4.44E-01	7.73E-01	7.73E-01
TCGA-CV-7435	5.29E-01	7.94E-01	8.80E-01
TCGA-CV-7437	6.62E-01	7.45E-01	8.85E-01
TCGA-CV-7438	5.77E-01	7.31E-01	8.37E-01
TCGA-CV-7440	6.56E-01	1.33E+00	1.24E+00
TCGA-CV-7446	8.24E-01	1.09E+00	1.17E+00
TCGA-CV-A45O	8.44E-01	4.65E-01	8.22E-01
TCGA-CV-A45P	1.01E+00	6.96E-01	1.08E+00
TCGA-CV-A45Q	1.25E+00	1.24E+00	1.40E+00
TCGA-CV-A45R	3.82E-01	4.13E-01	5.62E-01
TCGA-CV-A45T	0.00E+00	0.00E+00	0.00E+00
TCGA-CV-A45U	1.08E+00	1.05E+00	1.12E+00
TCGA-CV-A45V	7.78E-01	7.52E-01	1.03E+00
TCGA-CV-A45W	1.24E+00	2.05E+00	2.11E+00
TCGA-CV-A45X	5.61E-01	9.72E-01	9.81E-01
TCGA-CV-A45Y	3.19E-01	4.92E-01	5.67E-01
TCGA-CV-A45Z	1.16E+00	2.37E+00	2.37E+00
TCGA-CV-A460	4.57E-01	7.14E-01	7.97E-01
TCGA-CV-A461	1.17E+00	2.57E+00	2.52E+00
TCGA-CV-A463	1.12E+00	8.13E-01	1.26E+00
TCGA-CV-A464	2.00E-01	4.28E-01	4.74E-01
TCGA-CV-A465	4.34E-01	4.21E-01	4.65E-01
TCGA-CV-A468	7.54E-01	1.84E-01	7.65E-01
TCGA-CV-A6JD	2.45E-01	5.34E-01	5.83E-01
TCGA-CV-A6JE	7.81E-01	1.03E+00	1.14E+00
TCGA-CV-A6JM	1.36E+00	9.62E-01	1.48E+00
TCGA-CV-A6JN	3.52E-01	7.25E-01	7.67E-01
TCGA-CV-A6JO	1.99E-01	4.37E-01	4.84E-01
TCGA-CV-A6JT	4.54E-01	4.07E-01	4.74E-01
TCGA-CV-A6JU	5.18E-01	1.15E+00	1.14E+00
TCGA-CV-A6JY	5.00E-01	6.05E-01	7.44E-01
TCGA-CV-A6JZ	3.68E-01	7.87E-01	8.74E-01
TCGA-CV-A6K0	1.42E-01	1.28E-01	1.81E-01
TCGA-CV-A6K1	1.14E+00	1.67E+00	1.80E+00
TCGA-CV-A6K2	1.11E+00	9.28E-01	6.78E-01
TCGA-CX-7082	5.54E-01	1.08E+00	1.02E+00
TCGA-CX-7085	5.98E-01	3.75E-01	6.05E-01
TCGA-CX-7086	1.05E+00	1.32E+00	1.43E+00
TCGA-CX-7219	8.06E-01	8.01E-01	9.15E-01
TCGA-CX-A4AQ	6.34E-01	8.48E-01	9.80E-01
TCGA-D6-6515	3.88E-01	4.86E-02	3.89E-01
TCGA-D6-6517	3.49E-01	8.06E-01	8.20E-01
TCGA-D6-6823	4.45E-01	1.12E+00	1.06E+00
TCGA-D6-6824	1.20E-01	3.28E-01	3.45E-01
TCGA-D6-6825	5.62E-01	6.58E-01	7.85E-01
TCGA-D6-6826	7.89E-01	7.50E-01	9.64E-01
TCGA-D6-6827	0.00E+00	1.87E-01	1.87E-01
TCGA-D6-8568	5.81E-01	7.95E-01	8.56E-01
TCGA-D6-8569	2.88E-01	1.00E+00	9.94E-01
TCGA-D6-A4Z9	4.02E-01	9.52E-01	9.41E-01
TCGA-D6-A4ZB	6.55E-01	8.77E-01	9.67E-01
TCGA-D6-A6EK	6.13E-01	1.36E+00	1.43E+00
TCGA-D6-A6EM	3.88E-01	8.05E-01	9.13E-01
TCGA-D6-A6EN	7.12E-01	7.05E-01	7.44E-01
TCGA-D6-A6EO	6.09E-01	9.58E-01	1.04E+00
TCGA-D6-A6EP	6.29E-01	9.10E-01	9.51E-01
TCGA-D6-A6EQ	7.35E-01	7.82E-01	9.17E-01
TCGA-D6-A6ES	1.02E+00	8.87E-01	1.14E+00
TCGA-D6-A74Q	1.50E+00	1.61E+00	1.58E+00
TCGA-DQ-5624	6.58E-01	2.83E-01	7.10E-01
TCGA-DQ-5625	1.05E+00	9.42E-01	1.24E+00
TCGA-DQ-5629	1.12E+00	1.91E+00	2.02E+00
TCGA-DQ-5630	2.95E-01	5.15E-01	5.67E-01
TCGA-DQ-5631	7.13E-01	5.81E-01	8.02E-01
TCGA-DQ-7588	6.61E-01	1.05E+00	9.87E-01
TCGA-DQ-7591	4.19E-01	3.04E-01	5.23E-01
TCGA-DQ-7592	4.24E-01	7.48E-01	7.53E-01
TCGA-DQ-7593	4.00E-02	2.86E-01	2.84E-01
TCGA-DQ-7596	2.15E-01	2.09E-01	2.72E-01
TCGA-F7-7848	7.43E-01	1.53E+00	1.41E+00
TCGA-F7-8298	7.66E-01	7.67E-01	8.31E-01
TCGA-F7-8489	6.63E-01	8.39E-01	8.89E-01
TCGA-F7-A50G	7.14E-01	4.58E-01	7.79E-01
TCGA-F7-A50I	6.41E-01	1.07E+00	1.07E+00
TCGA-F7-A50J	8.41E-01	8.50E-01	9.89E-01
TCGA-F7-A61S	4.42E-01	7.22E-01	7.92E-01
TCGA-F7-A61V	7.12E-01	9.09E-01	1.08E+00
TCGA-F7-A61W	2.99E-01	8.91E-01	9.10E-01
TCGA-F7-A620	4.86E-01	4.74E-01	5.39E-01
TCGA-F7-A622	2.65E-01	5.99E-01	5.84E-01
TCGA-F7-A623	9.99E-01	1.14E+00	1.42E+00
TCGA-H7-7774	5.05E-01	7.54E-01	8.53E-01
TCGA-H7-8501	9.01E-01	5.02E-01	9.57E-01
TCGA-H7-A6C4	9.19E-02	4.11E-02	9.87E-02
TCGA-H7-A6C5	4.72E-01	8.72E-01	9.98E-01
TCGA-H7-A76A	6.44E-01	4.20E-01	6.77E-01
TCGA-HD-7229	7.64E-01	1.14E+00	1.25E+00
TCGA-HD-7753	3.71E-01	1.05E+00	1.08E+00
TCGA-HD-7754	3.39E-01	2.49E-01	3.78E-01
TCGA-HD-7831	1.74E-01	4.45E-01	4.76E-01
TCGA-HD-7832	7.16E-01	6.80E-01	8.92E-01
TCGA-HD-8224	3.95E-01	6.70E-01	7.11E-01
TCGA-HD-8314	6.77E-01	5.29E-01	7.57E-01
TCGA-HD-8634	5.38E-01	5.25E-01	6.65E-01
TCGA-HD-8635	1.21E+00	1.24E+00	1.31E+00
TCGA-HD-A4C1	1.15E+00	8.24E-01	1.18E+00
TCGA-HD-A633	9.02E-01	7.58E-01	9.51E-01
TCGA-HD-A634	2.97E-01	4.66E-01	5.12E-01
TCGA-HD-A6HZ	6.02E-01	5.94E-01	6.60E-01
TCGA-HD-A6I0	4.79E-01	5.18E-01	6.32E-01
TCGA-IQ-7630	7.80E-01	5.30E-01	8.75E-01
TCGA-IQ-7631	2.69E-01	2.71E-01	3.40E-01
TCGA-IQ-7632	8.82E-02	6.12E-01	6.18E-01
TCGA-IQ-A61E	9.40E-01	5.12E-01	9.70E-01
TCGA-IQ-A61G	6.05E-01	9.37E-01	1.08E+00
TCGA-IQ-A61H	7.86E-01	7.67E-01	9.30E-01
TCGA-IQ-A61I	6.86E-01	2.55E-01	7.63E-01
TCGA-IQ-A61J	0.00E+00	4.26E-01	4.26E-01
TCGA-IQ-A61O	2.23E-01	3.15E-01	3.96E-01
TCGA-IQ-A6SG	3.76E-01	8.81E-01	8.83E-01
TCGA-IQ-A6SH	4.52E-01	5.89E-01	7.27E-01
TCGA-KU-A66S	1.48E+00	2.23E+00	1.83E+00
TCGA-KU-A66T	5.51E-01	8.35E-01	9.40E-01
TCGA-KU-A6H7	7.24E-01	4.14E-01	7.82E-01
TCGA-KU-A6H8	1.40E-01	3.61E-01	3.91E-01
TCGA-MT-A51W	5.18E-01	6.44E-01	6.14E-01
TCGA-MT-A51X	2.58E-01	1.97E-01	3.30E-01
TCGA-MT-A67A	5.65E-01	7.38E-01	8.19E-01
TCGA-MT-A67D	4.54E-01	7.50E-01	8.19E-01
TCGA-MT-A67F	8.84E-01	0.00E+00	8.84E-01
TCGA-MT-A7BN	4.30E-01	5.98E-01	6.63E-01
TCGA-MZ-A5BI	3.05E-01	3.20E-01	4.25E-01
TCGA-MZ-A6I9	3.49E-01	3.82E-01	4.42E-01
TCGA-MZ-A7D7	7.02E-01	1.14E+00	1.09E+00
TCGA-P3-A5Q5	1.14E+00	6.50E-01	1.21E+00
TCGA-P3-A5Q6	5.87E-01	1.09E+00	1.20E+00
TCGA-P3-A5QA	2.00E-01	6.17E-01	5.78E-01
TCGA-P3-A5QE	4.03E-01	4.09E-01	5.35E-01
TCGA-P3-A5QF	9.76E-01	7.00E-02	9.80E-01
TCGA-P3-A6SW	5.90E-01	5.40E-01	6.32E-01
TCGA-P3-A6SX	7.21E-01	1.26E+00	1.13E+00
TCGA-P3-A6T0	4.51E-01	5.92E-01	7.32E-01
TCGA-P3-A6T2	5.80E-01	6.62E-01	7.51E-01
TCGA-P3-A6T3	6.39E-01	4.39E-01	6.30E-01
TCGA-P3-A6T4	8.70E-01	9.68E-01	1.02E+00
TCGA-P3-A6T5	1.08E+00	9.40E-01	1.43E+00
TCGA-P3-A6T6	8.24E-01	1.04E+00	1.02E+00
TCGA-P3-A6T7	7.42E-01	9.42E-01	1.04E+00
TCGA-P3-A6T8	4.11E-01	9.02E-01	8.65E-01
TCGA-QK-A64Z	7.08E-01	4.98E-01	7.21E-01
TCGA-QK-A652	2.59E-01	5.47E-01	5.62E-01
TCGA-QK-A6IF	2.69E-01	1.97E-01	3.40E-01
TCGA-QK-A6IG	6.39E-01	5.26E-01	6.77E-01
TCGA-QK-A6IH	6.52E-01	6.34E-01	7.92E-01
TCGA-QK-A6II	8.29E-01	9.71E-01	1.03E+00
TCGA-QK-A6IJ	7.19E-02	5.45E-01	5.59E-01
TCGA-QK-A6V9	5.38E-01	4.19E-01	5.91E-01
TCGA-QK-A6VB	2.95E-01	1.97E+00	1.97E+00
TCGA-QK-A6VC	9.39E-01	9.14E-01	1.03E+00
TCGA-QK-A8Z7	4.33E-01	1.11E+00	1.15E+00
TCGA-QK-A8Z8	8.80E-01	1.68E+00	1.73E+00
TCGA-QK-A8Z9	7.13E-01	9.85E-01	9.99E-01
TCGA-QK-A8ZA	7.47E-01	9.40E-01	9.55E-01
TCGA-QK-A8ZB	7.50E-01	8.62E-01	1.06E+00
TCGA-QK-AA3J	8.45E-01	9.79E-01	1.11E+00
TCGA-QK-AA3K	5.37E-01	8.63E-01	1.01E+00
TCGA-RS-A6TO	1.04E+00	9.46E-01	1.19E+00
TCGA-RS-A6TP	7.57E-01	2.91E-01	7.79E-01
TCGA-T2-A6WX	9.57E-01	5.86E-01	9.59E-01
TCGA-T2-A6WZ	5.62E-01	8.42E-01	9.27E-01
TCGA-T2-A6X0	2.78E-01	3.93E-01	4.62E-01
TCGA-T2-A6X2	1.10E+00	8.72E-01	1.18E+00
TCGA-T3-A92M	1.29E+00	1.17E+00	1.24E+00
TCGA-T3-A92N	9.49E-01	9.74E-01	1.24E+00
TCGA-TN-A7HI	4.59E-01	4.35E-01	5.90E-01
TCGA-TN-A7HJ	6.80E-01	6.49E-01	8.44E-01
TCGA-TN-A7HL	1.16E+00	7.41E-01	1.02E+00
TCGA-UF-A718	2.52E-01	6.22E-01	5.70E-01
TCGA-UF-A719	3.06E-01	9.86E-01	9.52E-01
TCGA-UF-A71A	7.51E-01	1.29E+00	1.33E+00
TCGA-UF-A71B	6.85E-01	1.06E+00	1.13E+00
TCGA-UF-A71D	1.14E+00	2.08E+00	2.22E+00
TCGA-UF-A71E	6.11E-01	1.09E+00	1.21E+00
TCGA-UF-A7J9	1.16E+00	1.45E+00	1.48E+00
TCGA-UF-A7JA	8.67E-01	1.38E+00	1.19E+00
TCGA-UF-A7JC	4.37E-01	6.41E-01	6.70E-01
TCGA-UF-A7JD	3.43E-01	9.21E-01	9.20E-01
TCGA-UF-A7JF	6.82E-01	1.05E+00	1.01E+00
TCGA-UF-A7JH	5.02E-01	6.60E-01	6.90E-01
TCGA-UF-A7JJ	1.99E-01	5.34E-01	5.40E-01
TCGA-UF-A7JK	3.46E-01	7.84E-01	8.54E-01
TCGA-UF-A7JO	8.75E-01	6.76E-01	1.05E+00
TCGA-UF-A7JS	6.16E-01	7.43E-01	7.25E-01
TCGA-UF-A7JT	1.27E+00	7.25E-01	1.11E+00
TCGA-UF-A7JV	5.77E-01	6.12E-01	7.52E-01
TCGA-UP-A6WW	1.99E-01	4.64E-01	4.85E-01
TCGA-WA-A7GZ	8.14E-01	1.09E+00	1.25E+00
TCGA-WA-A7H4	4.02E-01	5.43E-01	6.11E-01
