Samples	SBS1	SBS2	SBS4	SBS5	SBS13	SBS19	SBS30	SBS31	SBS87
TCGA-4P-AA8J	5	13	0	104	22	0	0	0	0
TCGA-BA-4074	22	0	0	80	0	0	0	52	0
TCGA-BA-4075	8	0	0	98	0	0	0	0	16
TCGA-BA-4076	17	0	230	154	0	0	0	0	0
TCGA-BA-4077	14	91	0	127	92	0	0	0	0
TCGA-BA-4078	32	0	298	151	0	0	77	0	0
TCGA-BA-5149	12	0	0	68	22	0	0	27	0
TCGA-BA-5151	16	7	0	32	5	0	0	34	0
TCGA-BA-5152	28	200	0	153	190	0	0	0	0
TCGA-BA-5153	7	0	0	35	0	0	0	0	0
TCGA-BA-5555	7	0	41	107	0	0	0	0	0
TCGA-BA-5556	24	0	0	114	0	0	0	0	0
TCGA-BA-5557	7	4	0	2	4	0	0	13	0
TCGA-BA-5558	16	65	0	71	31	0	0	0	0
TCGA-BA-5559	3	0	0	18	0	27	0	0	20
TCGA-BA-6868	8	19	0	124	20	0	0	0	0
TCGA-BA-6869	24	0	286	247	0	0	0	0	0
TCGA-BA-6870	0	9	0	77	0	0	0	0	0
TCGA-BA-6871	8	17	0	99	32	0	0	0	0
TCGA-BA-6872	20	13	0	119	19	0	0	0	0
TCGA-BA-6873	11	0	0	22	0	18	0	0	17
TCGA-BA-7269	4	0	0	68	0	0	0	0	24
TCGA-BA-A4IF	17	9	0	29	11	0	0	34	0
TCGA-BA-A4IG	7	18	0	92	14	0	0	0	0
TCGA-BA-A4IH	0	0	12	12	0	8	0	0	16
TCGA-BA-A4II	0	8	0	59	4	0	0	0	30
TCGA-BA-A6D8	0	0	0	88	0	0	0	0	45
TCGA-BA-A6DA	48	0	456	303	0	0	0	0	0
TCGA-BA-A6DB	0	0	0	4	0	0	0	0	7
TCGA-BA-A6DD	12	0	0	24	0	0	0	15	0
TCGA-BA-A6DE	5	17	0	82	15	0	0	0	20
TCGA-BA-A6DG	0	0	0	7	0	0	6	0	8
TCGA-BA-A6DI	10	0	0	98	0	0	0	0	0
TCGA-BA-A6DJ	13	29	0	52	50	0	88	0	52
TCGA-BA-A6DL	12	0	0	80	0	0	0	0	0
TCGA-BA-A8YP	17	18	0	131	15	0	0	0	0
TCGA-BB-4217	0	0	0	19	0	0	0	0	0
TCGA-BB-4223	9	19	0	17	26	0	0	17	0
TCGA-BB-4224	5	17	0	0	17	0	0	24	30
TCGA-BB-4225	17	13	0	17	0	26	0	0	0
TCGA-BB-4227	17	69	0	91	119	0	0	0	0
TCGA-BB-4228	14	0	0	0	8	0	25	0	0
TCGA-BB-7870	29	0	148	148	0	0	0	0	0
TCGA-BB-8596	6	0	0	70	17	0	0	0	0
TCGA-BB-8601	0	0	0	55	0	0	0	0	17
TCGA-BB-A5HU	14	66	0	75	58	0	0	0	0
TCGA-BB-A5HY	15	32	0	158	34	0	0	0	0
TCGA-BB-A5HZ	15	0	0	38	0	0	27	0	0
TCGA-BB-A6UM	8	0	0	15	0	0	0	34	24
TCGA-BB-A6UO	6	0	0	87	0	0	0	25	0
TCGA-C9-A47Z	14	0	31	24	0	19	0	0	33
TCGA-C9-A480	6	0	0	10	0	0	22	0	22
TCGA-CN-4725	16	0	0	12	0	0	0	31	0
TCGA-CN-4726	15	0	0	42	0	0	0	26	0
TCGA-CN-4727	19	0	229	125	0	0	62	0	51
TCGA-CN-4728	4	11	0	27	11	0	0	30	0
TCGA-CN-4729	17	12	0	77	16	24	0	0	0
TCGA-CN-4730	16	24	0	112	39	0	0	0	0
TCGA-CN-4731	12	14	0	42	11	0	0	27	25
TCGA-CN-4733	0	0	0	3	0	0	0	0	9
TCGA-CN-4734	28	23	0	45	37	46	0	0	0
TCGA-CN-4735	16	39	0	104	10	0	0	0	0
TCGA-CN-4736	18	0	0	36	0	0	15	27	0
TCGA-CN-4737	6	0	0	13	0	0	18	0	13
TCGA-CN-4738	6	0	25	28	0	0	25	0	0
TCGA-CN-4739	22	0	96	118	0	0	0	0	0
TCGA-CN-4740	17	24	0	54	14	24	0	0	0
TCGA-CN-4741	7	16	0	60	0	0	0	0	33
TCGA-CN-4742	17	0	0	56	0	0	0	0	0
TCGA-CN-5355	19	0	38	58	0	0	0	0	0
TCGA-CN-5356	10	0	125	219	0	0	0	0	43
TCGA-CN-5358	1	0	0	15	0	0	0	0	0
TCGA-CN-5359	19	0	39	39	0	0	20	0	0
TCGA-CN-5360	22	0	315	242	0	0	0	0	0
TCGA-CN-5361	0	18	0	73	6	0	0	0	31
TCGA-CN-5363	7	0	79	121	0	0	0	0	0
TCGA-CN-5364	8	16	0	106	9	0	0	0	0
TCGA-CN-5365	5	9	0	59	0	0	0	0	0
TCGA-CN-5366	15	11	0	38	5	0	0	31	0
TCGA-CN-5367	14	0	0	75	0	0	0	0	0
TCGA-CN-5369	48	33	0	88	45	0	0	88	0
TCGA-CN-5370	2	11	0	26	12	0	0	20	28
TCGA-CN-5373	26	13	0	94	0	29	0	0	0
TCGA-CN-5374	21	40	0	43	30	35	0	0	0
TCGA-CN-6010	2	0	0	59	0	0	0	27	30
TCGA-CN-6011	13	106	0	100	104	0	76	0	0
TCGA-CN-6012	8	8	0	77	15	0	0	0	0
TCGA-CN-6013	11	54	0	29	22	0	51	0	29
TCGA-CN-6016	14	8	0	84	17	0	0	0	0
TCGA-CN-6018	6	10	0	27	11	0	27	0	25
TCGA-CN-6019	12	0	34	88	0	0	0	0	0
TCGA-CN-6020	12	12	0	33	6	0	0	36	22
TCGA-CN-6021	19	0	134	165	0	0	0	0	0
TCGA-CN-6022	4	14	0	38	7	0	0	0	19
TCGA-CN-6023	0	14	0	57	12	0	0	0	22
TCGA-CN-6024	21	0	0	167	0	0	0	0	0
TCGA-CN-6988	23	0	69	86	0	0	0	0	0
TCGA-CN-6989	10	11	0	65	5	0	23	0	0
TCGA-CN-6992	22	0	161	20	0	0	60	71	55
TCGA-CN-6994	15	14	0	78	18	0	0	0	0
TCGA-CN-6995	0	0	75	90	0	0	39	0	43
TCGA-CN-6996	13	9	0	26	4	0	0	0	0
TCGA-CN-6997	10	14	0	85	10	0	0	35	0
TCGA-CN-6998	14	11	0	9	14	0	19	0	31
TCGA-CN-A497	8	0	232	162	0	0	0	0	0
TCGA-CN-A498	7	21	0	60	20	19	0	0	0
TCGA-CN-A499	11	0	0	9	0	0	0	13	0
TCGA-CN-A49A	0	17	0	44	14	0	23	0	38
TCGA-CN-A49B	17	7	0	56	12	20	0	0	0
TCGA-CN-A49C	16	0	0	20	0	0	16	0	0
TCGA-CN-A63T	27	0	103	158	0	0	0	0	0
TCGA-CN-A63U	27	0	301	292	0	0	0	0	0
TCGA-CN-A63V	18	0	0	19	0	0	0	25	28
TCGA-CN-A63W	32	0	225	201	0	0	0	0	0
TCGA-CN-A641	26	18	119	83	0	0	0	0	0
TCGA-CN-A642	22	13	0	11	8	0	0	29	0
TCGA-CN-A6UY	6	0	0	16	0	0	24	0	0
TCGA-CN-A6V1	2	27	0	21	19	0	39	0	0
TCGA-CN-A6V3	0	0	105	112	0	0	0	0	48
TCGA-CN-A6V6	14	10	0	58	0	0	0	0	0
TCGA-CN-A6V7	16	9	0	8	5	20	0	0	0
TCGA-CQ-5323	3	0	0	6	0	0	13	16	15
TCGA-CQ-5324	17	0	0	16	0	0	18	21	0
TCGA-CQ-5325	2	0	0	30	0	0	13	0	0
TCGA-CQ-5326	19	44	0	71	72	0	44	0	0
TCGA-CQ-5327	32	71	0	0	64	0	91	0	0
TCGA-CQ-5329	12	0	0	5	0	0	0	14	0
TCGA-CQ-5330	5	4	0	18	0	0	0	20	15
TCGA-CQ-5331	14	39	0	55	48	0	0	0	0
TCGA-CQ-5332	29	11	0	60	0	0	0	55	0
TCGA-CQ-5333	9	44	0	54	32	0	39	0	43
TCGA-CQ-5334	34	22	0	63	37	0	31	0	0
TCGA-CQ-6218	10	19	0	88	13	0	0	0	20
TCGA-CQ-6219	0	3	0	23	6	0	8	0	15
TCGA-CQ-6220	2	13	0	24	18	0	0	38	23
TCGA-CQ-6221	7	22	0	62	30	0	0	0	0
TCGA-CQ-6222	11	0	0	10	0	25	0	0	0
TCGA-CQ-6223	21	0	0	42	0	33	0	0	0
TCGA-CQ-6224	13	0	0	12	0	18	15	0	0
TCGA-CQ-6225	10	4	0	96	14	0	0	0	22
TCGA-CQ-6227	15	0	0	22	0	10	0	0	0
TCGA-CQ-6228	11	0	0	65	0	30	0	0	0
TCGA-CQ-6229	8	0	0	1	0	20	0	0	0
TCGA-CQ-7063	12	13	0	31	41	0	45	0	0
TCGA-CQ-7065	0	0	0	10	0	13	0	0	10
TCGA-CQ-7068	10	16	0	28	12	29	0	0	22
TCGA-CQ-7069	7	14	0	19	39	0	24	0	0
TCGA-CQ-7071	19	152	0	183	174	0	0	0	0
TCGA-CQ-7072	9	0	0	115	0	0	0	0	0
TCGA-CQ-A4C6	18	15	0	31	25	0	37	0	0
TCGA-CQ-A4C7	6	6	0	35	0	0	0	0	0
TCGA-CQ-A4C9	12	8	0	35	6	0	0	30	0
TCGA-CQ-A4CB	9	0	0	29	9	18	28	0	0
TCGA-CQ-A4CD	18	24	0	34	53	0	0	37	0
TCGA-CQ-A4CE	21	0	0	18	0	0	0	26	0
TCGA-CQ-A4CG	20	0	27	21	0	0	24	0	0
TCGA-CQ-A4CH	1	0	0	3	0	2	0	0	0
TCGA-CQ-A4CI	7	0	0	37	0	0	0	48	28
TCGA-CR-5243	18	5	0	16	11	17	0	0	0
TCGA-CR-5247	12	0	0	63	0	0	0	0	0
TCGA-CR-5248	29	73	0	71	79	0	87	0	0
TCGA-CR-5249	2	0	0	9	0	0	13	0	9
TCGA-CR-5250	0	0	0	32	0	0	0	0	11
TCGA-CR-6467	14	0	0	5	0	0	19	16	0
TCGA-CR-6470	10	0	0	12	0	14	0	0	0
TCGA-CR-6471	23	0	27	53	0	0	45	0	0
TCGA-CR-6472	10	163	0	184	184	0	0	0	0
TCGA-CR-6473	10	15	0	27	11	16	0	0	24
TCGA-CR-6474	7	8	0	70	17	0	0	0	0
TCGA-CR-6477	4	0	0	55	0	0	19	0	0
TCGA-CR-6478	10	23	0	62	0	0	33	0	0
TCGA-CR-6480	12	45	0	17	24	0	27	0	0
TCGA-CR-6481	29	241	0	149	118	0	0	0	0
TCGA-CR-6482	8	2	0	20	4	0	9	0	0
TCGA-CR-6484	15	73	0	102	79	0	0	0	0
TCGA-CR-6487	31	24	0	38	23	26	0	0	0
TCGA-CR-6488	12	0	0	9	0	13	0	0	0
TCGA-CR-6491	10	0	0	118	0	0	0	0	0
TCGA-CR-6492	3	0	0	21	0	0	14	0	0
TCGA-CR-6493	4	0	0	21	0	0	0	0	11
TCGA-CR-7364	45	0	219	263	0	0	0	0	0
TCGA-CR-7365	9	41	0	88	61	0	0	0	0
TCGA-CR-7367	18	0	0	102	0	0	0	58	0
TCGA-CR-7368	11	41	0	122	35	0	0	0	0
TCGA-CR-7369	9	0	0	49	0	0	0	24	0
TCGA-CR-7370	50	0	334	148	0	0	83	0	0
TCGA-CR-7371	23	21	96	57	59	0	51	0	0
TCGA-CR-7372	2	0	0	13	0	13	0	0	22
TCGA-CR-7373	21	22	0	31	23	0	0	28	0
TCGA-CR-7374	13	25	128	103	37	0	56	0	0
TCGA-CR-7376	8	0	0	12	6	0	11	0	0
TCGA-CR-7377	17	0	0	80	0	21	0	0	0
TCGA-CR-7379	33	10	0	48	7	0	0	54	0
TCGA-CR-7380	10	0	0	7	0	0	34	0	44
TCGA-CR-7382	2	7	0	6	7	22	0	0	27
TCGA-CR-7383	25	0	0	108	0	0	0	0	0
TCGA-CR-7385	2	0	0	16	7	0	16	0	0
TCGA-CR-7386	14	44	0	30	57	0	43	0	0
TCGA-CR-7388	0	77	238	182	117	0	0	0	85
TCGA-CR-7389	10	0	0	78	0	0	0	0	0
TCGA-CR-7390	15	15	0	102	22	0	0	0	0
TCGA-CR-7391	0	0	0	0	1	0	0	0	1
TCGA-CR-7392	1	0	0	0	0	0	6	0	0
TCGA-CR-7394	15	22	0	36	9	0	43	0	0
TCGA-CR-7395	12	36	0	41	15	0	44	0	0
TCGA-CR-7397	1	0	0	6	0	15	10	0	0
TCGA-CR-7398	31	30	186	137	17	0	0	0	0
TCGA-CR-7399	35	0	149	72	0	0	62	0	0
TCGA-CR-7401	30	0	0	50	0	19	0	0	0
TCGA-CR-7404	16	26	0	27	21	0	25	0	0
TCGA-CV-5430	11	23	0	101	21	0	0	0	0
TCGA-CV-5432	28	0	146	143	0	0	0	0	0
TCGA-CV-5434	30	0	0	124	0	0	0	0	0
TCGA-CV-5435	14	0	0	114	0	0	0	0	0
TCGA-CV-5436	10	12	0	83	6	0	0	0	0
TCGA-CV-5439	2	0	46	72	0	0	0	0	0
TCGA-CV-5440	11	17	0	75	23	0	0	0	0
TCGA-CV-5441	43	0	251	147	0	0	0	0	0
TCGA-CV-5442	36	103	0	109	46	0	0	0	0
TCGA-CV-5443	18	7	0	14	0	0	0	18	0
TCGA-CV-5444	5	24	0	37	25	20	0	0	19
TCGA-CV-5966	20	0	0	82	0	0	26	0	0
TCGA-CV-5970	8	37	0	39	24	0	0	0	101
TCGA-CV-5971	4	2	0	0	0	3	0	0	0
TCGA-CV-5973	9	0	0	13	0	0	0	18	23
TCGA-CV-5976	4	0	0	43	0	0	25	0	13
TCGA-CV-5977	22	4	0	20	18	18	16	0	0
TCGA-CV-5978	11	0	68	106	0	0	0	0	0
TCGA-CV-5979	3	0	0	2	0	0	0	17	8
TCGA-CV-6003	5	0	0	14	0	0	45	0	32
TCGA-CV-6433	10	0	0	38	0	0	0	0	0
TCGA-CV-6436	23	0	0	36	0	0	30	0	0
TCGA-CV-6441	14	45	0	136	66	0	0	0	0
TCGA-CV-6933	10	0	0	111	0	0	0	0	0
TCGA-CV-6934	2	0	0	53	0	0	0	23	20
TCGA-CV-6935	10	27	110	87	15	0	0	0	0
TCGA-CV-6936	34	70	0	73	55	0	54	0	0
TCGA-CV-6937	18	16	0	98	0	0	0	0	0
TCGA-CV-6938	11	0	0	48	0	0	33	0	34
TCGA-CV-6939	0	0	0	15	0	5	0	0	12
TCGA-CV-6940	12	15	0	59	26	0	35	0	0
TCGA-CV-6941	36	0	0	98	0	29	0	0	0
TCGA-CV-6942	4	56	0	70	70	0	0	0	64
TCGA-CV-6943	2	11	0	8	8	0	0	0	11
TCGA-CV-6945	22	0	50	55	0	0	28	0	0
TCGA-CV-6948	21	23	0	105	25	38	0	0	0
TCGA-CV-6950	0	0	0	32	0	0	0	16	13
TCGA-CV-6951	6	17	0	90	14	0	0	0	22
TCGA-CV-6952	12	16	0	142	20	0	0	0	0
TCGA-CV-6953	30	11	0	36	14	0	35	0	0
TCGA-CV-6954	9	11	0	88	10	0	0	0	0
TCGA-CV-6955	7	0	0	30	0	0	26	0	22
TCGA-CV-6956	12	0	45	63	20	0	59	0	27
TCGA-CV-6959	17	0	0	20	0	0	0	32	0
TCGA-CV-6960	7	0	90	54	18	0	28	0	0
TCGA-CV-6961	25	239	0	189	195	0	0	0	0
TCGA-CV-6962	6	0	35	65	0	0	0	28	22
TCGA-CV-7089	5	39	0	85	39	0	0	0	0
TCGA-CV-7090	1	0	0	15	0	0	24	0	11
TCGA-CV-7091	11	11	0	71	10	0	0	34	0
TCGA-CV-7095	17	31	0	58	44	0	48	0	65
TCGA-CV-7097	15	0	0	51	0	21	0	0	0
TCGA-CV-7099	24	70	0	72	68	0	65	0	0
TCGA-CV-7100	1	0	0	3	0	0	0	10	0
TCGA-CV-7101	19	0	41	77	0	0	46	0	0
TCGA-CV-7102	21	26	0	67	26	28	0	0	0
TCGA-CV-7103	1	4	0	35	6	0	0	0	0
TCGA-CV-7104	24	16	31	17	7	21	0	0	0
TCGA-CV-7177	13	5	0	45	18	0	19	0	0
TCGA-CV-7178	33	8	0	58	13	0	22	0	0
TCGA-CV-7180	1	0	0	40	0	0	0	0	18
TCGA-CV-7183	18	6	24	0	0	17	0	0	0
TCGA-CV-7235	0	9	0	83	17	0	0	0	36
TCGA-CV-7236	13	0	0	5	0	18	11	0	0
TCGA-CV-7238	1	5	0	19	0	0	0	0	22
TCGA-CV-7242	9	0	146	146	0	0	0	0	45
TCGA-CV-7243	23	14	0	21	0	0	0	16	0
TCGA-CV-7245	33	0	263	303	0	0	0	0	0
TCGA-CV-7247	6	7	16	13	5	14	0	0	0
TCGA-CV-7248	16	22	160	114	0	0	0	0	0
TCGA-CV-7250	38	0	61	67	0	0	44	0	0
TCGA-CV-7252	40	35	0	77	27	0	77	0	0
TCGA-CV-7253	26	0	46	66	0	0	0	52	0
TCGA-CV-7254	12	0	141	124	0	0	0	0	0
TCGA-CV-7255	17	0	0	42	0	0	0	48	0
TCGA-CV-7261	19	10	25	33	9	18	0	0	0
TCGA-CV-7263	19	0	0	84	0	24	0	0	0
TCGA-CV-7406	14	64	0	28	36	0	83	0	0
TCGA-CV-7407	8	0	0	69	0	0	35	0	0
TCGA-CV-7410	0	4	0	9	8	0	0	0	0
TCGA-CV-7411	10	0	29	41	0	0	41	0	0
TCGA-CV-7413	16	0	0	29	0	0	35	0	0
TCGA-CV-7414	21	40	0	137	58	0	0	0	0
TCGA-CV-7415	20	14	0	29	15	0	0	0	0
TCGA-CV-7416	21	10	0	32	0	12	0	0	0
TCGA-CV-7418	17	0	0	93	21	0	0	42	0
TCGA-CV-7421	8	5	0	21	14	0	0	16	0
TCGA-CV-7422	1	0	26	41	12	0	32	0	26
TCGA-CV-7423	13	0	0	36	0	24	0	0	0
TCGA-CV-7424	31	18	0	90	26	30	0	0	0
TCGA-CV-7425	26	10	0	57	7	20	0	0	0
TCGA-CV-7427	16	180	0	148	162	0	0	0	0
TCGA-CV-7429	11	0	15	17	0	0	14	0	0
TCGA-CV-7430	3	10	0	78	0	0	0	0	35
TCGA-CV-7432	24	0	56	70	0	0	31	0	0
TCGA-CV-7433	12	12	0	71	8	0	0	0	0
TCGA-CV-7434	24	0	0	87	0	0	0	0	0
TCGA-CV-7435	2	0	0	67	0	0	16	0	0
TCGA-CV-7437	26	12	28	21	13	35	0	0	0
TCGA-CV-7438	24	9	0	55	14	0	0	0	0
TCGA-CV-7440	14	0	81	128	0	0	0	0	0
TCGA-CV-7446	13	13	37	59	17	0	27	0	0
TCGA-CV-A45O	13	43	0	34	18	0	37	0	0
TCGA-CV-A45P	22	48	0	73	38	0	0	0	0
TCGA-CV-A45Q	17	48	0	75	72	0	64	0	48
TCGA-CV-A45R	0	0	0	28	0	35	0	0	35
TCGA-CV-A45T	1	0	0	2	0	0	0	0	6
TCGA-CV-A45U	0	43	0	73	23	0	47	0	34
TCGA-CV-A45V	19	17	0	16	8	0	0	59	0
TCGA-CV-A45W	30	0	271	253	0	0	0	0	0
TCGA-CV-A45X	2	0	0	89	0	0	0	0	24
TCGA-CV-A45Y	8	0	0	16	7	10	0	0	0
TCGA-CV-A45Z	29	0	351	271	0	0	0	0	0
TCGA-CV-A460	11	0	0	62	0	0	0	0	0
TCGA-CV-A461	32	0	325	331	0	0	0	0	0
TCGA-CV-A463	36	46	0	61	32	0	76	0	0
TCGA-CV-A464	2	0	0	5	0	0	7	11	0
TCGA-CV-A465	3	0	0	10	0	0	12	0	11
TCGA-CV-A468	37	0	0	7	0	54	60	0	0
TCGA-CV-A6JD	12	0	0	39	0	15	0	0	33
TCGA-CV-A6JE	10	18	0	101	25	0	0	0	0
TCGA-CV-A6JM	17	100	0	69	54	0	102	0	0
TCGA-CV-A6JN	4	0	0	72	0	0	0	0	13
TCGA-CV-A6JO	12	0	0	11	0	22	0	0	20
TCGA-CV-A6JT	5	0	0	13	0	23	0	0	18
TCGA-CV-A6JU	7	0	0	100	0	0	0	33	0
TCGA-CV-A6JY	23	0	19	19	0	0	25	0	0
TCGA-CV-A6JZ	12	0	29	40	0	0	26	0	0
TCGA-CV-A6K0	5	2	0	0	0	0	0	0	0
TCGA-CV-A6K1	86	0	123	169	0	0	155	0	0
TCGA-CV-A6K2	27	278	0	237	231	0	0	0	0
TCGA-CX-7082	10	0	0	95	0	0	0	0	0
TCGA-CX-7085	7	21	0	0	25	0	29	0	0
TCGA-CX-7086	21	19	0	125	32	0	54	0	0
TCGA-CX-7219	13	13	0	38	16	0	24	0	24
TCGA-CX-A4AQ	3	5	0	34	10	0	29	0	31
TCGA-D6-6515	8	0	0	5	0	16	10	0	0
TCGA-D6-6517	14	0	0	61	0	0	0	0	0
TCGA-D6-6823	3	0	0	109	0	0	0	0	0
TCGA-D6-6824	2	0	7	9	0	0	0	0	0
TCGA-D6-6825	20	7	0	36	0	0	0	19	0
TCGA-D6-6826	20	7	0	48	12	0	22	0	0
TCGA-D6-6827	1	0	0	0	0	0	0	11	0
TCGA-D6-8568	8	0	0	102	0	0	0	0	0
TCGA-D6-8569	11	0	0	107	0	27	0	0	0
TCGA-D6-A4Z9	14	0	0	92	0	0	0	0	0
TCGA-D6-A4ZB	9	10	0	69	31	0	0	0	0
TCGA-D6-A6EK	23	0	0	163	0	0	0	0	0
TCGA-D6-A6EM	8	0	0	47	0	17	0	0	28
TCGA-D6-A6EN	2	13	0	14	7	0	0	43	30
TCGA-D6-A6EO	12	0	0	65	0	20	0	0	0
TCGA-D6-A6EP	8	0	42	99	0	0	0	0	0
TCGA-D6-A6EQ	12	11	0	43	9	0	26	0	0
TCGA-D6-A6ES	24	41	0	102	68	0	0	0	0
TCGA-D6-A74Q	33	45	210	93	43	0	53	0	0
TCGA-DQ-5624	9	22	0	29	8	0	15	0	0
TCGA-DQ-5625	6	26	0	62	55	0	33	0	28
TCGA-DQ-5629	37	0	152	190	0	0	0	0	0
TCGA-DQ-5630	15	0	0	42	0	0	0	0	0
TCGA-DQ-5631	6	0	0	31	0	0	37	0	27
TCGA-DQ-7588	7	14	0	82	12	0	0	0	0
TCGA-DQ-7591	7	0	0	14	0	0	8	11	0
TCGA-DQ-7592	14	0	0	35	0	0	13	22	0
TCGA-DQ-7593	0	0	0	3	0	9	0	0	11
TCGA-DQ-7596	0	0	0	4	0	0	0	0	14
TCGA-F7-7848	9	0	174	187	0	0	0	0	0
TCGA-F7-8298	11	14	0	64	22	0	0	0	0
TCGA-F7-8489	11	0	0	79	0	0	30	0	0
TCGA-F7-A50G	31	9	0	25	24	23	0	0	0
TCGA-F7-A50I	16	0	43	64	0	0	28	0	0
TCGA-F7-A50J	30	28	0	39	42	0	0	36	0
TCGA-F7-A61S	1	0	0	46	0	26	0	0	49
TCGA-F7-A61V	10	16	0	77	11	0	0	0	0
TCGA-F7-A61W	1	0	0	73	0	0	0	0	0
TCGA-F7-A620	0	0	0	24	0	10	0	0	22
TCGA-F7-A622	1	0	0	20	0	15	0	0	27
TCGA-F7-A623	23	21	0	104	12	0	0	43	0
TCGA-H7-7774	7	0	0	33	0	0	64	0	36
TCGA-H7-8501	0	34	0	16	44	0	39	0	41
TCGA-H7-A6C4	4	0	0	2	0	0	0	13	12
TCGA-H7-A6C5	22	0	32	41	0	22	0	0	0
TCGA-H7-A76A	9	27	0	24	22	0	0	0	0
TCGA-HD-7229	0	0	0	53	0	0	39	0	69
TCGA-HD-7753	1	0	0	102	0	0	0	0	0
TCGA-HD-7754	18	0	0	24	0	27	0	0	0
TCGA-HD-7831	7	0	0	16	0	13	0	0	0
TCGA-HD-7832	11	15	0	58	0	0	0	32	0
TCGA-HD-8224	6	5	0	16	3	0	0	30	13
TCGA-HD-8314	0	28	0	29	7	0	0	0	13
TCGA-HD-8634	11	8	0	12	4	0	0	28	0
TCGA-HD-8635	5	24	0	92	47	0	35	0	33
TCGA-HD-A4C1	6	33	0	40	32	0	68	0	49
TCGA-HD-A633	9	24	0	38	22	0	34	0	27
TCGA-HD-A634	14	0	19	5	0	6	0	0	0
TCGA-HD-A6HZ	21	9	0	23	16	21	0	0	0
TCGA-HD-A6I0	5	0	0	20	0	28	0	0	31
TCGA-IQ-7630	0	0	0	20	0	33	0	0	92
TCGA-IQ-7631	12	0	0	7	0	0	0	18	0
TCGA-IQ-7632	5	0	0	36	0	0	0	0	0
TCGA-IQ-A61E	17	38	0	50	47	0	36	0	0
TCGA-IQ-A61G	6	0	0	68	0	0	0	55	20
TCGA-IQ-A61H	8	10	0	46	19	0	32	0	34
TCGA-IQ-A61I	10	52	0	13	23	0	49	0	0
TCGA-IQ-A61J	13	0	0	9	0	0	0	17	0
TCGA-IQ-A61O	4	0	0	1	0	0	13	0	23
TCGA-IQ-A6SG	14	0	29	56	0	16	0	0	0
TCGA-IQ-A6SH	19	9	0	33	0	0	0	25	0
TCGA-KU-A66S	42	0	164	242	53	0	0	0	0
TCGA-KU-A66T	5	11	0	0	0	0	0	66	35
TCGA-KU-A6H7	10	53	0	55	32	0	0	0	0
TCGA-KU-A6H8	1	0	0	13	0	0	0	0	7
TCGA-MT-A51W	5	10	0	39	15	0	0	0	0
TCGA-MT-A51X	17	0	0	13	0	0	0	27	0
TCGA-MT-A67A	14	0	0	34	0	35	0	0	33
TCGA-MT-A67D	17	0	0	59	0	29	0	0	0
TCGA-MT-A67F	16	119	0	115	72	0	0	0	0
TCGA-MT-A7BN	21	0	0	27	0	0	19	0	0
TCGA-MZ-A5BI	9	2	0	6	4	0	0	14	0
TCGA-MZ-A6I9	1	0	0	9	0	5	0	0	15
TCGA-MZ-A7D7	5	17	0	91	24	0	0	0	0
TCGA-P3-A5Q5	24	83	0	59	91	0	60	0	0
TCGA-P3-A5Q6	10	13	0	88	6	0	0	0	24
TCGA-P3-A5QA	9	0	0	5	0	20	0	0	37
TCGA-P3-A5QE	8	0	0	4	0	17	0	0	16
TCGA-P3-A5QF	21	171	0	113	131	0	0	0	0
TCGA-P3-A6SW	13	5	0	19	10	0	23	0	0
TCGA-P3-A6SX	15	0	0	156	30	0	0	0	0
TCGA-P3-A6T0	22	0	0	37	0	43	0	0	0
TCGA-P3-A6T2	5	13	0	39	0	0	0	0	20
TCGA-P3-A6T3	5	21	0	12	26	0	34	0	25
TCGA-P3-A6T4	10	29	0	79	44	0	0	0	0
TCGA-P3-A6T5	14	30	0	67	32	0	52	0	43
TCGA-P3-A6T6	5	27	0	56	25	0	20	0	21
TCGA-P3-A6T7	2	13	0	43	19	0	0	31	43
TCGA-P3-A6T8	8	0	0	56	0	0	0	31	0
TCGA-QK-A64Z	0	10	0	15	17	0	25	0	21
TCGA-QK-A652	2	0	0	15	0	18	0	0	12
TCGA-QK-A6IF	11	4	0	5	0	11	0	0	0
TCGA-QK-A6IG	29	22	0	40	19	21	0	0	0
TCGA-QK-A6IH	12	0	0	26	9	0	31	0	0
TCGA-QK-A6II	14	22	0	111	53	0	0	0	0
TCGA-QK-A6IJ	14	0	0	22	0	0	0	0	16
TCGA-QK-A6V9	7	0	0	5	0	0	36	0	34
TCGA-QK-A6VB	98	0	0	358	0	0	0	0	0
TCGA-QK-A6VC	6	39	0	46	35	0	36	0	0
TCGA-QK-A8Z7	32	0	0	86	0	28	0	0	0
TCGA-QK-A8Z8	11	0	237	158	0	0	0	0	53
TCGA-QK-A8Z9	16	0	0	100	0	0	27	0	0
TCGA-QK-A8ZA	21	17	0	92	8	0	0	0	0
TCGA-QK-A8ZB	17	6	0	41	25	0	22	0	0
TCGA-QK-AA3J	7	17	0	107	11	0	0	0	0
TCGA-QK-AA3K	18	0	0	86	0	0	0	0	0
TCGA-RS-A6TO	29	37	0	47	20	0	0	39	0
TCGA-RS-A6TP	13	36	0	26	38	0	41	0	0
TCGA-T2-A6WX	19	48	0	43	54	0	60	0	0
TCGA-T2-A6WZ	1	0	0	74	0	0	0	0	24
TCGA-T2-A6X0	12	0	0	0	0	27	0	0	26
TCGA-T2-A6X2	17	124	0	167	123	0	0	0	0
TCGA-T3-A92M	22	77	0	157	123	0	0	0	0
TCGA-T3-A92N	5	32	0	55	11	0	34	0	49
TCGA-TN-A7HI	7	7	0	6	0	25	0	0	18
TCGA-TN-A7HJ	11	25	0	24	16	0	25	0	0
TCGA-TN-A7HL	32	251	0	78	220	0	178	0	0
TCGA-UF-A718	1	0	0	19	0	15	0	0	27
TCGA-UF-A719	0	0	0	63	0	17	0	0	43
TCGA-UF-A71A	23	0	0	198	0	0	0	0	0
TCGA-UF-A71B	10	0	0	114	0	0	33	0	0
TCGA-UF-A71D	51	0	179	203	0	0	93	0	0
TCGA-UF-A71E	43	0	0	105	0	46	0	0	0
TCGA-UF-A7J9	28	32	68	103	38	0	0	0	0
TCGA-UF-A7JA	15	18	0	114	40	0	0	0	0
TCGA-UF-A7JC	6	5	0	49	0	0	0	0	0
TCGA-UF-A7JD	18	0	0	97	0	0	0	0	0
TCGA-UF-A7JF	7	11	0	101	7	0	0	0	0
TCGA-UF-A7JH	20	0	26	19	0	0	19	0	0
TCGA-UF-A7JJ	5	0	22	27	0	0	0	0	0
TCGA-UF-A7JK	15	0	0	80	0	0	0	0	35
TCGA-UF-A7JO	45	23	0	39	31	0	0	40	0
TCGA-UF-A7JS	14	0	0	65	0	0	0	0	0
TCGA-UF-A7JT	31	35	0	53	49	0	51	0	0
TCGA-UF-A7JV	5	22	0	27	17	0	16	0	0
TCGA-UP-A6WW	6	0	0	13	0	14	0	0	12
TCGA-WA-A7GZ	28	33	0	133	35	0	0	0	0
TCGA-WA-A7H4	4	4	0	35	8	0	0	0	0
