MutationType	SBS96A	SBS96B	SBS96C	SBS96D	SBS96E	SBS96F	SBS96G	SBS96H	SBS96I
A[C>A]A	0.004982025010540726	0.009232829396933085	0.024462608802900833	0.002335141513682323	0.01162599555716497	0.021368923888832114	0.020125067679999803	0.015400725816434715	0.010798239756932162
A[C>A]C	0.0006401553357990641	0.0005408910546111656	0.025831058305629994	0.0020790143558193108	0.008355793206137605	0.018827179440960348	0.008603248841827735	0.009463452876516384	0.006340944589472883
A[C>A]G	0.0009583147523494518	0.0011923491545852282	0.035500077874513064	0.0003236962219517636	0.005472991104744906	0.008292281238436203	0.014013259477273152	0.01781756927260176	0.004750246356866369
A[C>A]T	0.0016856245217374522	2.53393536695512e-06	0.01907520610740903	0.0009194654800208468	0.004959011657577363	0.007490089253146834	0.010771017218154384	0.003422547936154956	0.004784311427647481
A[C>G]A	0.005245881715503355	0.14281998824817493	0.00353284847682664	0.0001146646632332704	0.01989900843318708	0.012836393458491241	0.009726644554203433	0.0017273857465420405	0.009251499869600366
A[C>G]C	0.00012147570871264145	0.0048074503234332155	0.004088617933171151	0.0001354349703900226	0.004142436836258981	0.00660204022372028	0.01944311560523147	0.0028734751789647817	0.005371840005635136
A[C>G]G	0.00037889083210757235	0.004124343888274779	0.006856709306307067	0.0005528645479624572	0.004216615504541324	0.004040474772785813	0.018713758448138832	0.0020422996139404857	0.007816446329102576
A[C>G]T	0.0007610459560738736	0.0035167824121754166	0.0010889904438283792	0.00029951558284715393	0.006813339912092431	0.0067808205074706505	0.014165336280142923	0.006930686865754865	0.01559054937056203
A[C>T]A	0.10636848815463054	0.012084518638730515	0.008426436445733997	0.006706965596681585	0.018953083461566312	0.013613726777282741	0.006306891340209404	0.03259376949979924	0.006326673948519848
A[C>T]C	0.0033534353476898106	0.0014875062210199961	0.008609145219670608	0.016539922793973004	0.02257587789936224	0.026816067124024564	0.009672216460458002	0.02010198578122072	0.013310365435900166
A[C>T]G	0.004320908624607767	0.003339404559230737	0.005125734499888495	0.10390753047540784	0.04687999360030517	0.04055527847260796	0.010009025425034181	0.043073218303616406	0.007260783318658426
A[C>T]T	0.003229636368419051	0.0005177355422711117	0.0016131697509329257	0.004947997091705929	0.019018401934286545	0.026184151274597996	0.019635407607870546	0.016601835263385354	0.009519495219869896
A[T>A]A	0.00011116087529590146	5.616631930145388e-06	0.002367297483398829	9.827657187884142e-05	0.0014751130065724283	0.0047437035999490715	0.006238093721200535	0.004011851730821548	0.014945218446285935
A[T>A]C	0.00039425696136191846	0.00013658581422955416	0.002107527225500263	0.0004053295399148382	0.0055479590926293555	0.004873429982853814	0.00574805913014643	0.012268401341071922	0.010058546407049108
A[T>A]G	0.0005293892567836522	0.0003482519858221167	0.007763847256419467	0.0003032251185825885	0.007027912752159864	0.006651203295585475	0.009836161951058102	0.005770475183731349	0.018690475748602182
A[T>A]T	8.228809757852673e-05	0.000451198706113658	0.00024892653011704624	0.00012446652665445867	0.0037667607431953343	0.003994675015533176	0.0016975419015356863	0.0034287372519760263	0.03004991870633603
A[T>C]A	1.4200145400877773e-07	0.00012380159215162224	0.0028495119088486833	1.2023482877907554e-05	0.002840224073070399	0.0043478688975214655	0.00561185072706543	0.0032725716932455384	0.08988336196169257
A[T>C]C	0.0008495681705580794	0.000140265472482497	0.0009441546635325793	0.0014550750168477577	0.00915285821350949	0.012154146015029852	0.0061221595770112455	0.01863423399259318	0.009048725138650298
A[T>C]G	0.0011970537955980375	0.00015207194540280966	0.007067823048915897	0.0004797546519125717	0.005793316512944102	0.011388735776692398	0.012276517694937168	0.01223540378232883	0.048275999635372956
A[T>C]T	0.0004485075580902276	0.002030415119687099	0.00033238618027638724	0.0023593507939715153	0.009535373033340013	0.007990827766450792	0.004922986158898652	0.006388055600746262	0.0822837338936779
A[T>G]A	0.0006482900831579564	8.434330751120101e-05	0.000567659089004593	0.0006643189208745071	0.004516514267146086	0.0036397673611907066	0.0028347699831689967	0.005058032206178496	0.0041579730344279845
A[T>G]C	0.0001814574358822796	0.00023215843329325026	9.995826111435236e-05	0.0015702014044880741	0.002901891866226727	0.0025924110969573633	0.0009414727719014681	0.0015059710551480344	0.0021340628765507573
A[T>G]G	0.00028214381083845996	8.946811975114599e-05	0.0005115422862188268	0.00095211432542186	0.007277519097268908	0.00694810882861141	0.005191257148586885	0.005804617915675436	0.004763231923571993
A[T>G]T	0.00027881283866622325	5.504998659588978e-08	6.799011898692697e-06	0.0007229999380360219	0.002854691480557676	0.0008791429451102317	0.0021627535878090496	0.0032335508857172356	0.007591333596745926
C[C>A]A	0.002507745884088739	0.002432289853405791	0.04348147885136768	0.002057197585712452	0.0051828615445606374	0.014068051485474138	0.03201135442537293	0.005727531873760085	0.0006291399386361717
C[C>A]C	9.348401558941649e-08	5.756133281149545e-06	0.070877053886652	9.748825019215702e-05	0.00030821172310595556	0.0005268276137535821	0.0013955317571372383	0.0014382344635919253	0.0005492488442798304
C[C>A]G	0.000317560475692531	0.0005335436816264406	0.05805798634886741	0.0009963204302048468	0.0022030583221823007	0.0024812469348228804	0.011550148995874565	0.0031977109566838635	0.0005253189438963091
C[C>A]T	0.0001945422090517468	5.701611434176357e-05	0.05380618191948543	0.0012594820711782973	0.0025071280413294515	0.0007520599243093784	0.00540138511564141	0.011536552117491113	0.001016856722015973
C[C>G]A	0.0007472266572425612	0.020849150894327977	0.007684060233243031	0.00032826111516550197	0.0037653285814055705	0.003482784538956416	0.012149699990465024	0.0016818827671725956	0.0018964678157640373
C[C>G]C	0.0002970935766748717	0.00045107541908834037	0.013147493655574181	0.0005168530485926226	0.0008317974602120515	0.0022991314520430708	0.014821231046688439	0.0009191871509904193	0.0008274048441556392
C[C>G]G	0.00021080878536054116	0.0019784865775500293	0.013723024604978491	0.003070921687376398	0.0029113453110179675	0.007313212038056349	0.012049166189594302	0.0012585143127961374	0.0001651795511133969
C[C>G]T	0.0010381206033501494	0.00293071706528508	0.005863398594406703	0.00039778219455417486	0.0035739452529595893	0.006316185232008209	0.025383715151665456	0.0019284891815289028	0.005402512476020433
C[C>T]A	0.07985844692215323	0.008601868524816272	0.0030459073021407686	0.0675669668018918	0.04495158259465825	0.024376321754825767	0.014999387929265981	0.024115942333905984	0.013007129590698092
C[C>T]C	0.008911727087607886	0.0035374370670958177	0.005040225207922049	0.11028143587263912	0.04833749660765231	0.013082338196691126	0.018949645270029184	0.048530250233598055	0.010192930668400386
C[C>T]G	0.01723055449037929	0.007520132665499414	0.001320432536303997	0.23048194304108618	0.0498359524937257	0.012380462362647227	0.023804452402018797	0.015684469621549218	0.01607756583569426
C[C>T]T	0.007726791266717681	0.0027666334128755654	0.006254572193138544	0.10180760144203305	0.05891714827157557	0.026345357700906166	0.024799376215502635	0.023676005275418674	0.01811943633935698
C[T>A]A	0.0002701168333135584	1.4896616101189863e-06	0.009137575620868007	0.00036360371197368123	0.0009301078240664395	0.004619013591072445	0.0023605368492740906	0.001569272537603865	0.006334112955592559
C[T>A]C	0.0007932236908740719	0.00027313378442016755	0.010047365596773829	5.09717563974732e-05	0.0036457402916313815	0.009232414968946228	0.009038132050350782	0.004556533407557278	0.018930618140050228
C[T>A]G	0.0014624447142823982	7.670936597037326e-10	0.035989276570583116	0.00010265254243767786	0.0038879259221187203	0.011816472402447218	0.010604069907321616	0.006244288672066034	0.009965457512091973
C[T>A]T	0.00032421087415315244	0.00012314740934622057	0.009517008322475248	0.0003636985366952672	0.0029336484051827936	0.007700353868697221	0.005174909089964217	0.003474547682418745	0.026671733697251055
C[T>C]A	0.000921430756149384	9.769415177746766e-05	0.004910307408678705	0.0004023354654721345	0.006604148994348691	0.007731076269794173	0.008593767344386691	0.013281351327494875	0.003600961174471564
C[T>C]C	0.00012183587055623946	0.0010450931507970862	0.0019753661762464785	0.0027373227499774087	0.012423000697032761	0.006795347809431291	0.00989914303687101	0.02260996730360546	0.005446062498365052
C[T>C]G	0.00010475378992406803	2.7141629800553345e-07	0.015251059126112522	0.0027312189651837572	0.00522520253871619	0.0063392128461896395	0.01191229665484599	0.03008471567606904	0.00622577200582171
C[T>C]T	0.0003645852178169662	0.0011709496862324898	0.004033727097244082	0.0008294825194224132	0.009781606902663356	0.008440815502740406	0.015580590734370505	0.01694457117883556	0.04200805958603723
C[T>G]A	9.56903731489156e-06	2.2415412459508844e-09	0.001572941877263787	0.0008902545564229314	0.002521226684278588	0.003562326796307218	0.00265327656585157	0.0016481222926523743	0.0035466023830704784
C[T>G]C	5.031742582813692e-05	0.0004043462986396307	0.0032682457726525625	0.0011283051143734292	0.0032347316969907336	0.006117017937930314	0.0029686548265470945	0.003300507928455332	0.0010958882628259808
C[T>G]G	0.00012584685107152623	0.00023002077811288047	0.004695520554396353	0.0008958684525139568	0.0050271332943412975	0.004275963949472086	0.010102533451544105	0.007834993660546985	0.003508655066671906
C[T>G]T	0.00039815843542065463	6.0939602050780195e-05	0.00047383572862742086	0.002457795708043378	0.006359747794258155	0.008346151301432769	0.005331939254738245	0.005190564495812424	0.0016871586234276491
G[C>A]A	0.009233177451171031	0.004854960812990612	0.031418604214854325	0.006441695220418069	0.012839192412590137	0.04371758078923449	0.020337778758237165	0.00912129075999903	0.004066710827064526
G[C>A]C	0.0006657026017779799	0.0007843790067622081	0.02970286847790703	0.0018722168067810685	0.012471531325758178	0.021122127718301565	0.01895185278701774	0.0026619518669556896	0.00900486531244951
G[C>A]G	0.0001397632133586151	0.0011515703506136488	0.06177149485331029	9.016659612669287e-05	0.0022401807195932834	0.0023152088619471556	0.006546814834132846	0.0017882711170863707	0.0024120134992402596
G[C>A]T	0.0018471416807572894	0.00030426340523265444	0.0208828417997222	0.0037991017997455858	0.005774758283426483	0.025534042417421007	0.012771947360010926	0.004588777872098291	0.008833786788060956
G[C>G]A	0.0021771144396586805	0.03687018606964102	0.00512213092923588	0.0004734792455014514	0.0038032966392265877	0.0036161698139480338	0.024224622806705155	0.0038308390129936144	0.0025058988979503737
G[C>G]C	0.00014460823180620252	0.0003091878383698088	0.008930397759551454	0.001140132936569813	0.0041993093323628725	0.0034866070356264346	0.011665765839045434	0.0035162613670763677	0.0058679966859779146
G[C>G]G	5.0955757485624534e-05	0.0006707528664880158	0.015372667526007718	0.00017933317027379636	0.001059556477035386	0.002635602469811004	0.013071868768190598	0.0011025545322088702	0.0010308057745507426
G[C>G]T	0.000716430302910318	0.001650380815379382	0.005314317780009219	0.001649990505393788	0.006281088191774416	0.006474474630960252	0.016089850911210384	0.0028663120893406813	0.002510200061097976
G[C>T]A	0.06310845771338791	0.00680781209323186	0.010224442281760275	0.0176182044138115	0.021690432978939498	0.03426431988365948	0.010620382392155535	0.02001911342355015	0.026212784098733975
G[C>T]C	0.0021793583121666417	0.0022131345200068608	0.006251550487053379	0.01656766870651668	0.014929164207528345	0.014518744417052715	0.00882675974595486	0.09091482068412006	0.006363453062440101
G[C>T]G	0.006156754057280416	0.0035527645148772536	0.00803531279641902	0.11029659991152585	0.04545789685966156	0.014563732518581674	0.02012733607223254	0.04800125351408496	0.004211300210593644
G[C>T]T	0.0021356114260653804	0.0012936691133154455	0.006870720392253133	0.006616409204228364	0.013219961515870864	0.007879278308446374	0.016674602750254054	0.04892550837190356	0.027173115259904533
G[T>A]A	0.000774487090103122	0.0003076499879391115	0.0035310942597365624	6.490030001543801e-05	0.0031118263096433195	0.007567805944776751	0.006746959564934869	0.007916125505296634	0.006538550749421006
G[T>A]C	0.00039456943963536164	0.000546139889635171	0.003634289001252	0.0012054971500995925	0.003809968859178241	0.008507091419554271	0.007585852921722278	0.0018008450023893373	0.0030026287778156303
G[T>A]G	0.0005970826025804854	0.0005511903509608373	0.010757791082010044	2.9197093219863745e-05	0.004014141797094908	0.0069599600629976525	0.01009208756611514	0.006798261521369397	0.007755527684490175
G[T>A]T	0.0003895938465856119	9.695505767759016e-05	0.0018231255197861175	0.002532847410362251	0.006004451044413486	0.007614671821842407	0.005694634411595416	0.004321119819604746	0.0077210449931209265
G[T>C]A	0.0013628772948464985	0.0008104493701080572	0.0025919712646148697	0.006408599364145324	0.008834414307481093	0.014831532343894196	0.0071945127839876475	0.005855093111534302	0.004414633672213831
G[T>C]C	0.0010931539743987172	0.0005606558519822258	0.00015196378941595868	0.005704321042581953	0.010278311402929993	0.006214342470050593	0.0034460347551084425	0.02006637784623308	0.004564108795763673
G[T>C]G	0.001004529936503218	9.195577136324573e-05	0.005376060552589479	0.0039641064029748915	0.011250449896706982	0.00988799996647674	0.007673272539365712	0.01648995043044124	0.0025275242346560842
G[T>C]T	0.0003046175695862985	0.001993676082829552	0.0006814718273017206	0.002674061726225361	0.01146225640613693	0.007721887953499902	0.007227496400154223	0.013984854678074043	0.011588049667686846
G[T>G]A	0.0003005762974046178	1.645132445268871e-05	0.0004233568187464698	0.0006150419907760352	0.002213357498735036	0.0033414578286409835	0.0038716196580080007	0.0023602551293642193	0.004821830860785212
G[T>G]C	0.0004703065234465598	0.00013028595366535	6.563964750128549e-05	0.001089721066215965	0.003337773494633467	0.0023457134803307154	0.002232061383392541	0.0015982481499943902	0.0007355071822262005
G[T>G]G	0.00021433543195779946	0.00030270340932645465	0.0022736249599879434	0.000627038970806808	0.0021391614285941785	0.0027874169710498365	0.005074367796347019	0.002810781318827367	0.00047151233355208433
G[T>G]T	0.00018571252694293605	2.4962778078077008e-05	0.00012497527430241462	0.0008821243049814804	0.003205442118909332	0.002084180379843019	0.0008037845982266939	0.0021957584692708565	0.004288400089678675
T[C>A]A	0.010674219271021457	0.022573335251945537	0.02834822561359033	0.005300701766578868	0.021753903394355803	0.02829380950970517	0.013875781802873917	0.011657777380466996	0.007207996766082942
T[C>A]C	0.007090941309314473	0.007518542386083027	0.031261163240004636	0.008149092839886407	0.015569763867715523	0.04496027992106974	0.0286436083511353	0.0018881299071021609	0.004205857979447991
T[C>A]G	0.003039163612239122	0.004704566758575857	0.04599247093530721	0.0011424830818317076	0.005688322161942665	0.01862815385803458	0.017825150806487788	0.005307589225680261	0.002503387493716787
T[C>A]T	0.004413542893169051	0.00774966729734615	0.029798950437977395	0.0035381212868436053	0.014800130413750594	0.03725456891814278	0.017184280306282745	0.003967974684521067	0.00935800286054068
T[C>G]A	0.007312611815090833	0.2819431492839067	0.0006229470163458473	1.8423087217911416e-06	0.003589351366016729	0.0005648498255151679	0.0015643349538587764	9.359419672016145e-05	0.0005239908998443888
T[C>G]C	0.005640768350293586	0.04453201270662248	0.006006712176388191	0.00023476793700872634	0.009848392188582694	0.007992313907490143	0.017154120763981665	0.0011436016933430437	7.051640419753369e-05
T[C>G]G	0.0018246911956948963	0.020661157342401565	0.005698026303273309	1.591365250060761e-05	0.0032094274810658876	0.004192430547373931	0.02688692750392647	0.0011242025641119114	0.0006256013501990765
T[C>G]T	0.005483745524706762	0.14333608189569985	0.0006171999091361736	0.0008957104501300213	0.04539642543514162	0.007553626624114979	0.008507289858631282	0.006114285703499297	0.012224919248049809
T[C>T]A	0.3568439357355237	0.10629416357604328	0.0005745608931532331	0.0019155131585768092	0.010698458547508265	0.0031555516036630184	0.005147556967680771	0.002733619395263709	0.0007267403412211593
T[C>T]C	0.06528531894553452	0.006195074430619534	0.010898933704142647	0.023562701928894966	0.023822865303373044	0.020500778077706627	0.009929366336182556	0.020760874981269807	0.04211511506815441
T[C>T]G	0.06241447256878018	0.0284881009853453	0.002416078083915636	0.061954260636121035	0.04608463198528625	0.03527108955429867	0.010281513892560752	0.015117600454632365	0.016374430981231855
T[C>T]T	0.10901718087494373	0.015420496411520566	0.008380183505614695	0.011289813797920942	0.015338684272098306	0.008290469985804521	0.011678170425989969	0.02978827934479341	0.005648260660200322
T[T>A]A	0.000409094611111005	6.424646319633354e-05	0.004235726449365416	0.0007193838634432481	0.0038644657661049565	0.003252654371053545	0.0033549319283525847	0.0025971021227290734	0.006191922945240549
T[T>A]C	9.455486659115664e-05	0.00017681639805315895	0.004853183124798761	0.0013500926097431431	0.002711442185363575	0.005287970135488269	0.008434543326723656	0.0022979729563454045	0.006482947420852412
T[T>A]G	0.0005560651077023949	8.848062088226527e-05	0.006937432392001881	0.0009539003082790387	0.002618834059329984	0.0034761888222600845	0.0029732040232289592	0.0028508166383984703	0.0034454075634482704
T[T>A]T	0.0005541345545378817	0.00015107838399188722	0.0036637902715406768	5.4730111545140406e-05	0.0026052177094911676	0.004067799190168229	0.003245195631421183	0.002998780362428022	0.018131362028898364
T[T>C]A	0.000319895783617028	5.238050199679378e-05	0.00402778575863465	0.0009496106289071804	0.004293187723911327	0.004899868018910496	0.005275380108177075	0.012079348509308545	0.0036084097870921995
T[T>C]C	0.00024471183544108046	0.00027300903606317204	0.0037870933118711037	0.0037164886121799157	0.008353026739122669	0.006668178731056287	0.004418640942679986	0.022602257926978384	0.00336634424128345
T[T>C]G	0.00043173254353147785	2.6179552107237215e-05	0.00429968076212333	0.0006578459468695997	0.005509963867685528	0.004436283863254005	0.01536171791414219	0.007880234334395197	0.0015411540922917765
T[T>C]T	0.0005671982859159641	1.3844070984703193e-07	0.0013619467535545481	0.00026270946682871	0.009091872827528533	0.010949375839978898	0.01014334774223655	0.006796885480047834	0.061081729495281255
T[T>G]A	2.697688478789928e-05	0.00015547763481824184	0.0008388457637185808	9.244106350575265e-05	0.0012045785177828795	0.0017975531970557234	0.0019837147114039055	0.0005569267701271663	0.005474123019442345
T[T>G]C	0.0004906804257910836	0.0004526582624062314	0.00012693319048196372	0.00041286446302649435	0.0025252818943586417	0.0045731195525325315	0.002287312835202897	0.0021230542842345557	0.004660590878191329
T[T>G]G	0.00027074666570214845	0.00020647009095998926	0.0013952510294208897	0.00012456425856431253	0.0026653659682564523	0.005003773234466564	0.006880003832655461	0.001988921720443031	0.0005692440260377652
T[T>G]T	0.0003105528441998295	0.0005088204904161487	0.00027206729723275205	0.0003369018546207414	0.0036257316469448142	0.006925769087429217	0.003108103985613724	0.0019004867169647355	0.004805447473300717
