Samples	SBS96A	SBS96B	SBS96C	SBS96D	SBS96E	SBS96F
TCGA-4P-AA8J	43	12	8	10	0	71
TCGA-BA-4074	16	18	10	52	0	58
TCGA-BA-4075	2	22	8	20	18	52
TCGA-BA-4076	30	4	246	0	84	37
TCGA-BA-4077	171	116	16	0	18	3
TCGA-BA-4078	23	66	316	7	119	27
TCGA-BA-5149	32	0	20	33	0	44
TCGA-BA-5151	4	17	7	39	25	2
TCGA-BA-5152	339	232	0	0	0	0
TCGA-BA-5153	1	4	2	16	0	19
TCGA-BA-5555	8	0	51	18	33	45
TCGA-BA-5556	15	5	3	21	68	26
TCGA-BA-5557	6	7	2	12	0	3
TCGA-BA-5558	60	118	0	5	0	0
TCGA-BA-5559	5	11	1	24	25	2
TCGA-BA-6868	55	24	20	9	3	60
TCGA-BA-6869	58	32	339	37	0	91
TCGA-BA-6870	6	25	13	0	0	42
TCGA-BA-6871	58	22	6	12	33	25
TCGA-BA-6872	27	34	0	13	47	50
TCGA-BA-6873	11	5	4	38	0	10
TCGA-BA-7269	12	3	9	17	45	10
TCGA-BA-A4IF	18	9	19	26	18	10
TCGA-BA-A4IG	34	31	6	5	0	55
TCGA-BA-A4IH	3	6	8	11	16	4
TCGA-BA-A4II	12	13	21	25	0	30
TCGA-BA-A6D8	11	0	22	34	30	36
TCGA-BA-A6DA	53	13	440	11	252	38
TCGA-BA-A6DB	1	2	2	6	0	0
TCGA-BA-A6DD	1	2	4	19	14	11
TCGA-BA-A6DE	23	36	20	13	21	26
TCGA-BA-A6DG	0	0	1	10	0	10
TCGA-BA-A6DI	9	21	41	15	0	22
TCGA-BA-A6DJ	104	58	12	91	3	16
TCGA-BA-A6DL	10	15	6	7	52	2
TCGA-BA-A8YP	30	34	15	24	56	22
TCGA-BB-4217	0	3	0	2	0	14
TCGA-BB-4223	49	18	2	17	1	1
TCGA-BB-4224	34	18	5	33	0	3
TCGA-BB-4225	0	43	0	30	0	0
TCGA-BB-4227	236	25	0	12	23	0
TCGA-BB-4228	9	6	5	20	7	0
TCGA-BB-7870	10	4	149	16	112	34
TCGA-BB-8596	36	0	2	13	32	10
TCGA-BB-8601	3	6	13	16	0	34
TCGA-BB-A5HU	125	87	0	1	0	0
TCGA-BB-A5HY	65	60	14	2	67	31
TCGA-BB-A5HZ	0	22	0	8	50	0
TCGA-BB-A6UM	0	6	0	61	8	6
TCGA-BB-A6UO	4	24	8	23	0	59
TCGA-C9-A47Z	5	10	37	62	0	7
TCGA-C9-A480	2	17	3	27	11	0
TCGA-CN-4725	0	3	9	41	2	4
TCGA-CN-4726	7	7	14	31	22	2
TCGA-CN-4727	15	35	264	30	142	0
TCGA-CN-4728	21	19	8	8	16	11
TCGA-CN-4729	29	23	24	29	15	26
TCGA-CN-4730	74	17	19	29	0	52
TCGA-CN-4731	21	17	12	36	20	25
TCGA-CN-4733	0	1	0	11	0	0
TCGA-CN-4734	65	22	19	55	12	6
TCGA-CN-4735	20	94	25	11	15	4
TCGA-CN-4736	0	11	11	24	34	16
TCGA-CN-4737	0	5	8	23	10	4
TCGA-CN-4738	6	27	28	13	0	10
TCGA-CN-4739	14	6	131	39	0	46
TCGA-CN-4740	29	42	0	3	57	2
TCGA-CN-4741	10	32	19	37	0	18
TCGA-CN-4742	2	10	6	22	18	15
TCGA-CN-5355	5	0	38	25	19	28
TCGA-CN-5356	33	10	148	48	91	67
TCGA-CN-5358	2	0	0	0	9	5
TCGA-CN-5359	8	12	31	23	24	19
TCGA-CN-5360	12	51	364	20	100	32
TCGA-CN-5361	22	33	21	22	0	30
TCGA-CN-5363	22	22	79	4	49	31
TCGA-CN-5364	18	37	12	3	30	39
TCGA-CN-5365	2	26	2	0	38	5
TCGA-CN-5366	17	21	4	28	0	30
TCGA-CN-5367	6	1	0	15	39	28
TCGA-CN-5369	92	27	7	87	89	0
TCGA-CN-5370	27	16	7	36	0	13
TCGA-CN-5373	1	47	17	51	0	46
TCGA-CN-5374	51	86	1	31	0	0
TCGA-CN-6010	5	0	30	32	26	25
TCGA-CN-6011	215	173	0	0	0	11
TCGA-CN-6012	20	14	10	0	56	8
TCGA-CN-6013	41	140	0	15	0	0
TCGA-CN-6016	35	10	0	28	12	38
TCGA-CN-6018	22	27	3	41	0	13
TCGA-CN-6019	0	27	17	1	75	14
TCGA-CN-6020	16	23	20	37	0	25
TCGA-CN-6021	22	35	157	15	49	40
TCGA-CN-6022	17	22	19	18	0	6
TCGA-CN-6023	19	30	14	12	1	29
TCGA-CN-6024	0	29	37	27	30	65
TCGA-CN-6988	7	7	71	24	64	5
TCGA-CN-6989	10	40	13	14	0	37
TCGA-CN-6992	33	16	180	117	32	11
TCGA-CN-6994	33	21	19	16	36	0
TCGA-CN-6995	7	31	81	20	70	38
TCGA-CN-6996	9	16	0	12	15	0
TCGA-CN-6997	28	23	29	24	0	50
TCGA-CN-6998	30	8	0	51	0	9
TCGA-CN-A497	10	25	240	0	91	36
TCGA-CN-A498	28	40	2	6	37	14
TCGA-CN-A499	2	1	0	27	0	3
TCGA-CN-A49A	35	33	5	14	47	2
TCGA-CN-A49B	24	17	0	28	18	25
TCGA-CN-A49C	8	9	0	34	0	1
TCGA-CN-A63T	13	21	127	23	75	29
TCGA-CN-A63U	11	26	312	13	175	83
TCGA-CN-A63V	2	3	9	55	21	0
TCGA-CN-A63W	51	0	255	39	85	28
TCGA-CN-A641	2	41	129	10	64	0
TCGA-CN-A642	17	17	0	45	0	4
TCGA-CN-A6UY	0	7	2	12	25	0
TCGA-CN-A6V1	31	77	0	0	0	0
TCGA-CN-A6V3	18	19	147	35	0	46
TCGA-CN-A6V6	3	29	0	28	22	0
TCGA-CN-A6V7	10	18	0	30	0	0
TCGA-CQ-5323	0	10	6	26	4	7
TCGA-CQ-5324	6	15	0	35	13	3
TCGA-CQ-5325	0	9	0	0	19	17
TCGA-CQ-5326	130	58	5	32	0	25
TCGA-CQ-5327	101	122	0	35	0	0
TCGA-CQ-5329	0	1	4	19	3	4
TCGA-CQ-5330	0	11	3	28	0	20
TCGA-CQ-5331	91	48	6	11	0	0
TCGA-CQ-5332	10	23	12	43	57	10
TCGA-CQ-5333	69	82	25	44	0	1
TCGA-CQ-5334	69	28	7	52	25	6
TCGA-CQ-6218	39	34	14	38	0	25
TCGA-CQ-6219	16	3	0	15	0	21
TCGA-CQ-6220	44	6	9	39	0	20
TCGA-CQ-6221	63	7	1	6	33	11
TCGA-CQ-6222	1	3	4	22	13	3
TCGA-CQ-6223	2	2	11	32	49	0
TCGA-CQ-6224	0	8	0	33	13	4
TCGA-CQ-6225	25	0	20	27	30	44
TCGA-CQ-6227	9	0	6	26	5	1
TCGA-CQ-6228	5	5	2	16	53	25
TCGA-CQ-6229	0	2	7	20	0	0
TCGA-CQ-7063	65	19	0	31	16	11
TCGA-CQ-7065	0	9	0	8	14	2
TCGA-CQ-7068	25	33	3	34	22	0
TCGA-CQ-7069	77	9	4	8	0	5
TCGA-CQ-7071	340	165	20	3	0	0
TCGA-CQ-7072	1	13	24	10	36	40
TCGA-CQ-A4C6	41	23	1	21	36	4
TCGA-CQ-A4C7	1	18	4	9	0	15
TCGA-CQ-A4C9	13	14	9	32	6	17
TCGA-CQ-A4CB	13	19	0	18	20	23
TCGA-CQ-A4CD	101	0	14	39	1	11
TCGA-CQ-A4CE	5	5	0	21	34	0
TCGA-CQ-A4CG	2	14	19	26	31	0
TCGA-CQ-A4CH	0	0	0	2	1	3
TCGA-CQ-A4CI	10	2	17	46	42	3
TCGA-CR-5243	16	4	3	24	20	0
TCGA-CR-5247	2	5	9	27	2	30
TCGA-CR-5248	141	153	3	34	0	8
TCGA-CR-5249	4	5	2	16	0	6
TCGA-CR-5250	1	5	8	11	0	18
TCGA-CR-6467	2	6	1	31	7	7
TCGA-CR-6470	3	6	0	22	0	5
TCGA-CR-6471	0	19	17	52	27	33
TCGA-CR-6472	351	183	7	0	0	0
TCGA-CR-6473	21	30	0	38	11	3
TCGA-CR-6474	23	8	5	1	51	14
TCGA-CR-6477	6	17	8	13	0	34
TCGA-CR-6478	1	85	0	1	24	17
TCGA-CR-6480	37	88	0	0	0	0
TCGA-CR-6481	203	334	0	0	0	0
TCGA-CR-6482	8	6	0	11	18	0
TCGA-CR-6484	181	64	3	20	0	1
TCGA-CR-6487	45	42	0	52	0	3
TCGA-CR-6488	0	4	4	15	11	0
TCGA-CR-6491	3	14	11	27	10	63
TCGA-CR-6492	4	14	0	5	0	15
TCGA-CR-6493	3	3	2	8	20	0
TCGA-CR-7364	27	28	297	74	7	94
TCGA-CR-7365	104	40	9	7	28	11
TCGA-CR-7367	7	28	34	42	42	25
TCGA-CR-7368	83	70	3	22	0	31
TCGA-CR-7369	3	16	22	16	0	25
TCGA-CR-7370	65	57	398	68	0	27
TCGA-CR-7371	104	15	127	35	0	26
TCGA-CR-7372	0	1	9	26	13	1
TCGA-CR-7373	52	19	2	31	19	2
TCGA-CR-7374	76	58	164	27	8	29
TCGA-CR-7376	14	0	0	18	0	5
TCGA-CR-7377	8	26	5	35	0	44
TCGA-CR-7379	9	23	10	61	48	1
TCGA-CR-7380	3	11	10	67	0	4
TCGA-CR-7382	18	9	0	34	0	10
TCGA-CR-7383	3	11	22	32	35	30
TCGA-CR-7385	10	11	1	5	11	3
TCGA-CR-7386	106	72	0	10	0	0
TCGA-CR-7388	193	74	289	12	131	0
TCGA-CR-7389	0	0	4	25	21	38
TCGA-CR-7390	34	24	0	18	59	19
TCGA-CR-7391	1	0	0	1	0	0
TCGA-CR-7392	0	5	0	2	0	0
TCGA-CR-7394	15	69	0	31	0	10
TCGA-CR-7395	25	117	0	6	0	0
TCGA-CR-7397	4	8	0	9	8	3
TCGA-CR-7398	35	50	237	48	0	31
TCGA-CR-7399	33	43	151	40	27	24
TCGA-CR-7401	8	7	0	45	32	7
TCGA-CR-7404	40	58	0	17	0	0
TCGA-CV-5430	46	42	0	8	33	27
TCGA-CV-5432	21	6	161	27	72	30
TCGA-CV-5434	11	14	46	54	0	29
TCGA-CV-5435	3	24	7	6	66	22
TCGA-CV-5436	15	28	2	13	9	44
TCGA-CV-5439	0	18	52	0	23	27
TCGA-CV-5440	42	15	9	9	35	16
TCGA-CV-5441	10	23	294	59	32	23
TCGA-CV-5442	95	168	0	31	0	0
TCGA-CV-5443	0	12	15	27	3	0
TCGA-CV-5444	53	37	6	21	0	13
TCGA-CV-5966	14	28	0	15	40	31
TCGA-CV-5970	62	44	0	103	0	0
TCGA-CV-5971	0	3	0	6	0	0
TCGA-CV-5973	4	4	6	42	0	7
TCGA-CV-5976	10	25	6	22	0	22
TCGA-CV-5977	28	5	14	43	7	1
TCGA-CV-5978	5	20	67	14	56	23
TCGA-CV-5979	2	0	2	16	6	4
TCGA-CV-6003	11	27	7	44	7	0
TCGA-CV-6433	1	6	4	22	0	15
TCGA-CV-6436	9	16	10	45	3	6
TCGA-CV-6441	121	37	36	29	7	31
TCGA-CV-6933	15	16	13	17	4	56
TCGA-CV-6934	6	1	3	16	52	20
TCGA-CV-6935	36	40	129	11	26	7
TCGA-CV-6936	102	132	20	30	0	2
TCGA-CV-6937	8	37	0	16	55	16
TCGA-CV-6938	15	8	8	64	4	27
TCGA-CV-6939	0	5	0	1	26	0
TCGA-CV-6940	45	37	4	13	43	5
TCGA-CV-6941	0	26	10	33	85	9
TCGA-CV-6942	141	45	25	53	0	0
TCGA-CV-6943	15	19	0	6	0	0
TCGA-CV-6945	16	15	67	43	0	14
TCGA-CV-6948	46	42	10	14	99	1
TCGA-CV-6950	1	5	18	15	0	22
TCGA-CV-6951	36	26	16	23	16	32
TCGA-CV-6952	41	25	0	27	0	97
TCGA-CV-6953	23	23	20	54	0	6
TCGA-CV-6954	11	21	12	15	31	28
TCGA-CV-6955	10	11	0	22	42	0
TCGA-CV-6956	28	33	48	42	19	56
TCGA-CV-6959	5	0	20	35	9	0
TCGA-CV-6960	24	4	104	23	11	31
TCGA-CV-6961	346	302	0	0	0	0
TCGA-CV-6962	0	12	44	28	46	26
TCGA-CV-7089	84	48	1	0	0	35
TCGA-CV-7090	6	15	8	20	0	2
TCGA-CV-7091	13	23	2	9	75	15
TCGA-CV-7095	102	45	23	89	0	4
TCGA-CV-7097	11	9	4	29	15	19
TCGA-CV-7099	143	128	1	27	0	0
TCGA-CV-7100	0	3	0	6	5	0
TCGA-CV-7101	9	43	26	18	72	15
TCGA-CV-7102	54	33	8	22	43	8
TCGA-CV-7103	12	2	5	10	0	17
TCGA-CV-7104	15	28	3	13	57	0
TCGA-CV-7177	26	7	8	12	32	15
TCGA-CV-7178	26	15	12	44	30	7
TCGA-CV-7180	4	8	11	19	0	17
TCGA-CV-7183	0	16	23	26	0	0
TCGA-CV-7235	33	9	14	26	21	42
TCGA-CV-7236	0	4	4	30	9	0
TCGA-CV-7238	7	6	3	30	0	1
TCGA-CV-7242	24	15	164	24	81	38
TCGA-CV-7243	7	24	1	41	0	1
TCGA-CV-7245	25	29	236	9	249	51
TCGA-CV-7247	6	18	2	3	32	0
TCGA-CV-7248	21	45	202	8	22	14
TCGA-CV-7250	10	9	71	65	28	27
TCGA-CV-7252	42	92	21	78	0	23
TCGA-CV-7253	4	8	38	43	79	18
TCGA-CV-7254	15	19	132	8	98	5
TCGA-CV-7255	6	12	12	38	30	9
TCGA-CV-7261	16	12	35	42	0	9
TCGA-CV-7263	0	25	0	31	29	42
TCGA-CV-7406	57	168	0	0	0	0
TCGA-CV-7407	7	18	7	22	12	46
TCGA-CV-7410	16	1	2	1	1	0
TCGA-CV-7411	17	34	18	5	38	9
TCGA-CV-7413	6	24	14	32	0	4
TCGA-CV-7414	113	35	0	34	35	39
TCGA-CV-7415	25	16	5	13	15	4
TCGA-CV-7416	7	23	4	38	3	0
TCGA-CV-7418	26	0	0	3	129	15
TCGA-CV-7421	18	5	11	17	0	13
TCGA-CV-7422	22	14	28	30	33	11
TCGA-CV-7423	4	11	0	16	42	0
TCGA-CV-7424	44	24	42	57	16	12
TCGA-CV-7425	14	25	22	49	3	7
TCGA-CV-7427	315	191	0	0	0	0
TCGA-CV-7429	6	9	12	22	6	2
TCGA-CV-7430	3	25	38	32	0	28
TCGA-CV-7432	8	21	38	24	69	21
TCGA-CV-7433	25	18	20	10	9	21
TCGA-CV-7434	8	0	24	28	36	15
TCGA-CV-7435	5	23	4	0	20	33
TCGA-CV-7437	22	20	21	52	17	3
TCGA-CV-7438	30	2	12	41	0	17
TCGA-CV-7440	26	13	110	36	0	38
TCGA-CV-7446	38	30	33	22	10	33
TCGA-CV-A45O	37	103	0	5	0	0
TCGA-CV-A45P	80	61	11	29	0	0
TCGA-CV-A45Q	135	71	8	54	48	8
TCGA-CV-A45R	3	9	1	62	5	18
TCGA-CV-A45T	0	0	0	8	0	1
TCGA-CV-A45U	44	115	36	12	0	13
TCGA-CV-A45V	18	31	10	38	22	0
TCGA-CV-A45W	29	56	312	28	96	33
TCGA-CV-A45X	16	5	4	14	59	17
TCGA-CV-A45Y	7	0	7	9	8	10
TCGA-CV-A45Z	45	9	349	0	225	23
TCGA-CV-A460	7	8	7	21	13	17
TCGA-CV-A461	25	67	368	2	173	53
TCGA-CV-A463	65	109	11	62	0	4
TCGA-CV-A464	0	7	3	4	11	0
TCGA-CV-A465	6	4	1	14	11	0
TCGA-CV-A468	0	55	0	74	0	29
TCGA-CV-A6JD	0	15	12	57	15	0
TCGA-CV-A6JE	54	17	8	11	17	47
TCGA-CV-A6JM	96	237	9	0	0	0
TCGA-CV-A6JN	3	8	9	26	0	43
TCGA-CV-A6JO	2	0	0	37	26	0
TCGA-CV-A6JT	5	11	3	31	9	0
TCGA-CV-A6JU	6	2	5	0	104	23
TCGA-CV-A6JY	0	13	15	34	24	0
TCGA-CV-A6JZ	0	20	21	18	26	22
TCGA-CV-A6K0	0	2	0	3	2	0
TCGA-CV-A6K1	40	86	167	213	1	26
TCGA-CV-A6K2	419	354	0	0	0	0
TCGA-CX-7082	13	6	13	18	0	55
TCGA-CX-7085	39	34	0	9	0	0
TCGA-CX-7086	51	46	19	16	77	42
TCGA-CX-7219	27	26	11	27	31	6
TCGA-CX-A4AQ	16	19	19	33	0	25
TCGA-D6-6515	2	13	0	18	0	6
TCGA-D6-6517	2	9	12	13	18	21
TCGA-D6-6823	8	10	15	8	12	59
TCGA-D6-6824	0	2	9	0	7	0
TCGA-D6-6825	5	13	2	22	32	8
TCGA-D6-6826	25	16	0	31	37	0
TCGA-D6-6827	0	0	0	4	3	5
TCGA-D6-8568	12	15	19	19	27	18
TCGA-D6-8569	0	10	21	19	43	52
TCGA-D6-A4Z9	8	0	19	20	22	37
TCGA-D6-A4ZB	52	0	20	17	8	22
TCGA-D6-A6EK	0	29	61	32	20	44
TCGA-D6-A6EM	0	16	14	36	0	34
TCGA-D6-A6EN	15	19	22	45	0	8
TCGA-D6-A6EO	2	16	0	6	68	5
TCGA-D6-A6EP	21	12	34	5	59	18
TCGA-D6-A6EQ	8	35	8	3	44	3
TCGA-D6-A6ES	140	22	19	36	0	18
TCGA-D6-A74Q	80	86	228	45	2	36
TCGA-DQ-5624	21	52	0	10	0	0
TCGA-DQ-5625	106	19	0	37	0	48
TCGA-DQ-5629	28	27	138	24	152	10
TCGA-DQ-5630	6	0	3	26	11	11
TCGA-DQ-5631	10	15	1	37	38	0
TCGA-DQ-7588	27	28	13	7	0	40
TCGA-DQ-7591	4	6	0	10	10	10
TCGA-DQ-7592	7	6	4	24	34	9
TCGA-DQ-7593	0	0	0	11	10	2
TCGA-DQ-7596	3	0	0	13	0	2
TCGA-F7-7848	12	26	199	5	95	33
TCGA-F7-8298	52	0	6	19	0	34
TCGA-F7-8489	25	27	16	18	0	34
TCGA-F7-A50G	43	0	3	55	9	2
TCGA-F7-A50I	8	20	43	26	29	25
TCGA-F7-A50J	75	20	12	52	10	6
TCGA-F7-A61S	8	7	21	56	0	30
TCGA-F7-A61V	18	28	18	5	34	11
TCGA-F7-A61W	4	0	6	6	0	58
TCGA-F7-A620	5	7	8	22	0	14
TCGA-F7-A622	0	0	2	32	6	23
TCGA-F7-A623	27	43	12	36	48	37
TCGA-H7-7774	4	23	20	61	9	23
TCGA-H7-8501	91	53	1	29	0	0
TCGA-H7-A6C4	0	3	1	25	0	2
TCGA-H7-A6C5	4	8	29	33	37	6
TCGA-H7-A76A	40	35	0	7	0	0
TCGA-HD-7229	29	5	36	56	21	14
TCGA-HD-7753	8	1	30	7	0	57
TCGA-HD-7754	0	16	0	36	14	3
TCGA-HD-7831	1	3	0	10	22	0
TCGA-HD-7832	5	41	2	16	15	37
TCGA-HD-8224	6	5	15	26	0	21
TCGA-HD-8314	16	59	2	0	0	0
TCGA-HD-8634	10	14	8	19	10	2
TCGA-HD-8635	86	28	39	25	21	37
TCGA-HD-A4C1	70	81	13	51	0	13
TCGA-HD-A633	43	52	24	24	11	0
TCGA-HD-A634	0	5	16	21	2	0
TCGA-HD-A6HZ	26	7	14	43	0	0
TCGA-HD-A6I0	6	19	8	47	0	4
TCGA-IQ-7630	27	3	10	103	0	2
TCGA-IQ-7631	1	4	1	25	6	0
TCGA-IQ-7632	0	6	6	5	7	17
TCGA-IQ-A61E	92	53	7	29	3	4
TCGA-IQ-A61G	10	13	20	35	53	18
TCGA-IQ-A61H	37	24	12	43	0	33
TCGA-IQ-A61I	33	113	0	1	0	0
TCGA-IQ-A61J	0	0	6	20	10	3
TCGA-IQ-A61O	0	7	6	24	4	0
TCGA-IQ-A6SG	2	7	39	27	9	31
TCGA-IQ-A6SH	4	19	0	28	21	14
TCGA-KU-A66S	74	0	155	13	259	0
TCGA-KU-A66T	9	14	14	50	24	6
TCGA-KU-A6H7	67	83	0	0	0	0
TCGA-KU-A6H8	0	0	3	7	0	11
TCGA-MT-A51W	33	2	7	4	0	23
TCGA-MT-A51X	3	0	0	29	25	0
TCGA-MT-A67A	7	2	3	69	24	11
TCGA-MT-A67D	0	19	7	34	19	26
TCGA-MT-A67F	135	187	0	0	0	0
TCGA-MT-A7BN	7	10	10	37	0	3
TCGA-MZ-A5BI	6	0	2	20	5	2
TCGA-MZ-A6I9	5	3	0	12	10	0
TCGA-MZ-A7D7	48	10	10	4	36	29
TCGA-P3-A5Q5	170	127	0	20	0	0
TCGA-P3-A5Q6	21	21	7	32	28	32
TCGA-P3-A5QA	0	0	11	57	3	0
TCGA-P3-A5QE	9	0	3	26	7	0
TCGA-P3-A5QF	222	214	0	0	0	0
TCGA-P3-A6SW	13	19	0	15	18	5
TCGA-P3-A6SX	35	0	43	29	24	70
TCGA-P3-A6T0	5	7	0	49	28	13
TCGA-P3-A6T2	10	31	12	24	0	0
TCGA-P3-A6T3	58	34	4	27	0	0
TCGA-P3-A6T4	73	24	1	3	41	20
TCGA-P3-A6T5	62	83	15	55	0	23
TCGA-P3-A6T6	48	49	25	14	8	10
TCGA-P3-A6T7	42	2	3	47	26	31
TCGA-P3-A6T8	0	6	1	22	36	30
TCGA-QK-A64Z	34	13	5	22	0	14
TCGA-QK-A652	1	7	9	14	9	7
TCGA-QK-A6IF	0	9	0	17	5	0
TCGA-QK-A6IG	45	26	11	49	0	0
TCGA-QK-A6IH	18	10	2	25	9	14
TCGA-QK-A6II	111	0	5	24	12	48
TCGA-QK-A6IJ	0	2	2	29	19	0
TCGA-QK-A6V9	5	19	1	46	0	11
TCGA-QK-A6VB	0	0	123	183	76	74
TCGA-QK-A6VC	63	82	10	0	0	7
TCGA-QK-A8Z7	5	3	18	30	73	17
TCGA-QK-A8Z8	13	31	292	43	23	57
TCGA-QK-A8Z9	20	20	6	19	25	53
TCGA-QK-A8ZA	21	28	22	18	28	21
TCGA-QK-A8ZB	33	2	3	19	54	0
TCGA-QK-AA3J	30	38	5	12	0	57
TCGA-QK-AA3K	7	9	11	19	27	31
TCGA-RS-A6TO	41	56	4	31	39	1
TCGA-RS-A6TP	71	68	0	15	0	0
TCGA-T2-A6WX	102	96	3	23	0	0
TCGA-T2-A6WZ	19	0	15	34	0	31
TCGA-T2-A6X0	1	8	2	51	1	2
TCGA-T2-A6X2	259	167	5	0	0	0
TCGA-T3-A92M	243	52	40	27	0	17
TCGA-T3-A92N	28	90	1	42	0	25
TCGA-TN-A7HI	1	18	9	35	0	0
TCGA-TN-A7HJ	32	55	6	8	0	0
TCGA-TN-A7HL	346	413	0	0	0	0
TCGA-UF-A718	2	1	23	24	0	12
TCGA-UF-A719	0	8	6	35	53	21
TCGA-UF-A71A	12	21	31	30	51	76
TCGA-UF-A71B	12	23	0	16	64	42
TCGA-UF-A71D	27	64	233	94	14	94
TCGA-UF-A71E	10	14	42	83	11	34
TCGA-UF-A7J9	77	29	90	42	0	31
TCGA-UF-A7JA	70	13	36	19	17	32
TCGA-UF-A7JC	4	10	10	14	0	22
TCGA-UF-A7JD	2	3	16	23	50	21
TCGA-UF-A7JF	15	21	31	11	9	39
TCGA-UF-A7JH	4	9	27	35	3	6
TCGA-UF-A7JJ	2	0	22	4	16	10
TCGA-UF-A7JK	2	6	30	58	0	34
TCGA-UF-A7JO	61	15	14	81	0	7
TCGA-UF-A7JS	15	0	14	27	17	6
TCGA-UF-A7JT	94	52	20	53	0	0
TCGA-UF-A7JV	37	45	0	0	0	5
TCGA-UP-A6WW	0	4	0	21	20	0
TCGA-WA-A7GZ	68	47	29	45	0	40
TCGA-WA-A7H4	18	0	4	15	0	14
