Samples	SBS96A	SBS96B	SBS96C	SBS96D	SBS96E	SBS96F	SBS96G	SBS96H	SBS96I	SBS96J
TCGA-4P-AA8J	17	33	8	8	3	15	6	0	0	54
TCGA-BA-4074	11	9	1	17	54	29	0	0	5	28
TCGA-BA-4075	14	0	1	18	3	6	18	25	0	37
TCGA-BA-4076	8	20	185	0	0	78	0	63	32	15
TCGA-BA-4077	98	115	0	0	2	0	22	61	24	2
TCGA-BA-4078	34	15	250	0	49	90	0	62	51	7
TCGA-BA-5149	0	26	17	19	24	0	0	9	0	34
TCGA-BA-5151	10	1	4	23	26	0	9	8	13	0
TCGA-BA-5152	226	266	0	0	31	0	0	48	0	0
TCGA-BA-5153	4	0	2	13	0	5	0	0	5	13
TCGA-BA-5555	0	8	37	12	2	45	4	0	28	19
TCGA-BA-5556	3	12	0	10	21	56	5	0	22	9
TCGA-BA-5557	5	4	1	7	7	0	3	0	2	1
TCGA-BA-5558	85	46	6	13	14	0	0	6	13	0
TCGA-BA-5559	7	3	2	13	24	0	19	0	0	0
TCGA-BA-6868	25	37	7	7	1	0	36	17	0	41
TCGA-BA-6869	31	35	243	26	0	94	0	81	0	47
TCGA-BA-6870	17	4	11	0	3	0	13	4	0	34
TCGA-BA-6871	21	39	2	2	37	13	0	27	0	15
TCGA-BA-6872	21	20	0	14	11	73	0	3	9	20
TCGA-BA-6873	7	8	3	27	1	9	0	0	7	6
TCGA-BA-7269	4	9	4	18	0	25	26	8	0	2
TCGA-BA-A4IF	9	12	19	15	18	0	0	4	15	8
TCGA-BA-A4IG	24	23	5	0	17	0	0	12	5	45
TCGA-BA-A4IH	4	1	4	12	0	4	9	12	0	2
TCGA-BA-A4II	13	9	22	25	0	0	3	2	0	27
TCGA-BA-A6D8	0	10	10	29	0	33	37	0	0	14
TCGA-BA-A6DA	19	26	339	11	42	8	130	183	13	36
TCGA-BA-A6DB	2	0	3	6	0	0	0	0	0	0
TCGA-BA-A6DD	2	0	2	15	3	7	16	0	0	6
TCGA-BA-A6DE	26	15	13	16	0	0	12	28	5	24
TCGA-BA-A6DG	0	0	2	9	0	0	0	0	2	8
TCGA-BA-A6DI	12	7	27	7	0	0	22	0	26	7
TCGA-BA-A6DJ	54	68	0	61	25	26	0	36	11	3
TCGA-BA-A6DL	10	7	3	4	15	0	53	0	0	0
TCGA-BA-A8YP	22	24	6	18	8	45	31	0	23	4
TCGA-BB-4217	2	0	0	0	6	0	0	0	0	11
TCGA-BB-4223	19	35	0	9	4	0	0	4	17	0
TCGA-BB-4224	20	26	9	30	0	0	0	0	1	7
TCGA-BB-4225	21	0	0	12	40	0	0	0	0	0
TCGA-BB-4227	61	171	0	10	1	6	1	28	16	2
TCGA-BB-4228	5	6	5	10	19	2	0	0	0	0
TCGA-BB-7870	3	6	113	14	12	62	37	45	17	16
TCGA-BB-8596	3	29	3	12	0	0	0	15	23	8
TCGA-BB-8601	5	2	13	14	0	0	0	2	13	23
TCGA-BB-A5HU	75	95	1	1	11	1	1	0	28	0
TCGA-BB-A5HY	44	44	17	0	53	0	25	29	0	27
TCGA-BB-A5HZ	10	0	0	10	0	35	14	2	9	0
TCGA-BB-A6UM	5	0	0	43	1	14	0	0	18	0
TCGA-BB-A6UO	12	1	5	3	41	0	15	0	0	41
TCGA-C9-A47Z	10	1	22	47	0	24	0	16	0	1
TCGA-C9-A480	10	1	1	19	5	3	2	9	10	0
TCGA-CN-4725	1	0	5	18	29	0	6	0	0	0
TCGA-CN-4726	6	4	11	20	11	0	5	7	17	2
TCGA-CN-4727	21	5	206	19	36	18	26	104	49	2
TCGA-CN-4728	14	15	4	2	13	0	26	0	4	5
TCGA-CN-4729	16	20	14	9	38	11	26	0	0	12
TCGA-CN-4730	24	50	4	18	6	29	0	23	9	28
TCGA-CN-4731	15	15	5	28	0	23	13	7	11	14
TCGA-CN-4733	1	0	0	9	0	2	0	0	0	0
TCGA-CN-4734	24	46	18	22	62	0	0	0	3	4
TCGA-CN-4735	54	12	13	13	0	15	0	27	34	1
TCGA-CN-4736	6	1	5	17	0	0	44	0	19	4
TCGA-CN-4737	2	0	3	14	1	13	0	0	17	0
TCGA-CN-4738	16	3	25	7	17	0	8	0	0	8
TCGA-CN-4739	6	8	97	19	20	39	0	12	10	25
TCGA-CN-4740	26	20	0	0	37	9	33	7	0	1
TCGA-CN-4741	22	6	14	31	0	0	24	0	6	13
TCGA-CN-4742	6	0	1	17	8	21	3	10	0	7
TCGA-CN-5355	0	4	19	16	3	64	0	2	0	7
TCGA-CN-5356	11	26	125	25	23	0	22	30	89	46
TCGA-CN-5358	0	1	0	1	0	0	12	0	0	2
TCGA-CN-5359	10	4	22	18	0	3	16	17	14	13
TCGA-CN-5360	27	9	276	11	16	75	100	30	33	2
TCGA-CN-5361	27	14	18	21	0	0	12	11	0	25
TCGA-CN-5363	12	17	59	0	26	75	0	3	8	7
TCGA-CN-5364	22	13	11	0	30	23	12	0	0	28
TCGA-CN-5365	13	0	0	0	2	28	13	17	0	0
TCGA-CN-5366	15	11	2	13	23	9	0	0	8	19
TCGA-CN-5367	1	4	1	7	10	0	17	4	26	19
TCGA-CN-5369	29	65	9	32	59	0	0	0	108	0
TCGA-CN-5370	18	20	8	31	0	0	10	0	0	12
TCGA-CN-5373	24	0	8	19	38	9	0	0	37	27
TCGA-CN-5374	57	32	0	17	41	0	0	16	2	4
TCGA-CN-6010	0	6	24	26	0	4	1	24	12	21
TCGA-CN-6011	144	163	12	7	31	0	0	0	13	29
TCGA-CN-6012	10	16	9	0	18	0	50	0	3	2
TCGA-CN-6013	99	30	0	37	0	6	0	18	0	6
TCGA-CN-6016	11	24	0	10	24	9	0	0	23	22
TCGA-CN-6018	22	16	3	31	8	0	9	1	5	11
TCGA-CN-6019	12	0	8	3	13	41	56	0	0	1
TCGA-CN-6020	17	10	16	22	18	0	17	0	6	15
TCGA-CN-6021	20	18	102	14	0	114	41	4	0	5
TCGA-CN-6022	16	12	14	12	3	0	8	3	10	4
TCGA-CN-6023	22	12	8	13	0	0	0	24	4	22
TCGA-CN-6024	13	2	15	19	2	82	16	0	13	26
TCGA-CN-6988	4	5	55	13	15	16	28	13	29	0
TCGA-CN-6989	26	6	12	12	4	0	0	6	15	33
TCGA-CN-6992	16	19	147	60	88	0	35	11	10	3
TCGA-CN-6994	15	20	13	0	45	0	0	23	9	0
TCGA-CN-6995	19	3	66	24	0	27	1	48	31	28
TCGA-CN-6996	12	7	0	12	0	6	1	3	11	0
TCGA-CN-6997	19	21	19	12	0	0	9	6	36	32
TCGA-CN-6998	15	22	1	39	0	0	0	0	11	10
TCGA-CN-A497	16	2	197	0	24	0	0	91	34	38
TCGA-CN-A498	28	21	4	9	9	0	37	3	3	13
TCGA-CN-A499	1	0	0	9	21	0	0	0	2	0
TCGA-CN-A49A	26	22	0	20	0	0	27	37	0	4
TCGA-CN-A49B	11	13	0	0	70	0	0	2	0	16
TCGA-CN-A49C	8	5	0	24	4	0	11	0	0	0
TCGA-CN-A63T	14	8	94	26	0	66	28	33	7	12
TCGA-CN-A63U	12	4	243	7	52	86	59	86	21	50
TCGA-CN-A63V	3	0	3	37	13	14	20	0	0	0
TCGA-CN-A63W	2	43	189	30	0	107	28	27	32	0
TCGA-CN-A641	23	0	104	8	18	0	43	38	10	2
TCGA-CN-A642	16	12	0	36	0	3	5	0	7	4
TCGA-CN-A6UY	2	0	1	2	26	0	0	8	7	0
TCGA-CN-A6V1	48	22	0	0	19	19	0	0	0	0
TCGA-CN-A6V3	15	11	101	25	0	43	34	14	0	22
TCGA-CN-A6V6	18	0	0	22	10	0	0	19	10	3
TCGA-CN-A6V7	14	6	0	22	8	0	0	4	4	0
TCGA-CQ-5323	5	0	4	16	16	0	9	0	0	3
TCGA-CQ-5324	9	3	0	18	29	3	1	0	9	0
TCGA-CQ-5325	3	1	0	0	0	27	3	0	7	4
TCGA-CQ-5326	59	96	3	26	8	16	15	0	12	15
TCGA-CQ-5327	97	76	0	25	56	0	0	0	4	0
TCGA-CQ-5329	0	0	2	4	22	0	0	0	1	2
TCGA-CQ-5330	7	0	2	20	0	0	1	0	19	13
TCGA-CQ-5331	44	66	6	4	26	10	0	0	0	0
TCGA-CQ-5332	16	7	7	37	0	33	19	12	23	1
TCGA-CQ-5333	62	41	9	41	0	0	0	60	0	8
TCGA-CQ-5334	29	48	1	29	34	0	44	0	0	2
TCGA-CQ-6218	29	29	11	32	5	24	0	0	0	20
TCGA-CQ-6219	6	11	0	13	0	0	0	5	6	14
TCGA-CQ-6220	13	31	3	22	8	0	22	0	12	7
TCGA-CQ-6221	17	45	0	9	0	14	1	27	0	8
TCGA-CQ-6222	1	0	5	8	30	0	0	0	0	2
TCGA-CQ-6223	0	0	14	9	54	0	1	4	14	0
TCGA-CQ-6224	2	0	0	9	46	0	0	0	0	1
TCGA-CQ-6225	4	18	9	18	9	41	21	3	0	23
TCGA-CQ-6227	2	7	1	18	0	10	0	4	5	0
TCGA-CQ-6228	0	4	3	0	46	27	3	0	13	10
TCGA-CQ-6229	0	0	4	5	20	0	0	0	0	0
TCGA-CQ-7063	18	42	0	0	76	0	6	0	0	0
TCGA-CQ-7065	4	0	0	2	17	0	5	0	4	1
TCGA-CQ-7068	22	17	3	18	29	8	0	2	18	0
TCGA-CQ-7069	17	53	0	0	15	18	0	0	0	0
TCGA-CQ-7071	158	239	12	0	47	0	0	60	12	0
TCGA-CQ-7072	4	1	14	0	19	46	0	0	23	17
TCGA-CQ-A4C6	19	31	0	8	30	15	0	9	12	2
TCGA-CQ-A4C7	10	0	0	6	0	0	16	0	7	8
TCGA-CQ-A4C9	9	6	5	8	43	0	0	8	3	9
TCGA-CQ-A4CB	10	8	0	0	42	12	0	0	11	10
TCGA-CQ-A4CD	20	72	11	22	24	0	2	8	0	7
TCGA-CQ-A4CE	3	2	0	8	29	0	16	0	7	0
TCGA-CQ-A4CG	7	2	9	23	0	50	1	0	0	0
TCGA-CQ-A4CH	0	0	0	0	1	1	0	0	3	1
TCGA-CQ-A4CI	5	6	12	31	14	0	31	9	12	0
TCGA-CR-5243	4	11	0	8	27	17	0	0	0	0
TCGA-CR-5247	3	0	3	12	18	0	21	0	0	18
TCGA-CR-5248	108	92	0	15	74	0	0	38	7	5
TCGA-CR-5249	5	2	1	13	0	0	0	5	2	5
TCGA-CR-5250	3	1	2	9	0	15	0	5	0	8
TCGA-CR-6467	1	0	0	5	42	0	0	0	6	0
TCGA-CR-6470	3	0	0	8	24	0	0	0	0	1
TCGA-CR-6471	8	0	10	25	44	6	0	21	14	20
TCGA-CR-6472	186	252	0	0	1	0	0	100	0	2
TCGA-CR-6473	19	14	0	17	36	0	17	0	0	0
TCGA-CR-6474	8	16	7	2	14	7	5	22	8	13
TCGA-CR-6477	9	3	7	0	33	0	0	0	2	24
TCGA-CR-6478	42	1	0	0	18	1	20	0	35	11
TCGA-CR-6480	66	28	5	13	2	0	0	6	0	5
TCGA-CR-6481	302	171	0	22	0	0	0	42	0	0
TCGA-CR-6482	5	5	1	8	5	8	0	2	9	0
TCGA-CR-6484	72	130	0	14	10	0	20	17	4	2
TCGA-CR-6487	33	31	0	29	32	0	9	0	8	0
TCGA-CR-6488	3	0	3	12	0	3	0	5	8	0
TCGA-CR-6491	8	2	4	12	17	6	24	1	15	39
TCGA-CR-6492	9	3	0	5	0	12	0	0	0	9
TCGA-CR-6493	3	1	1	8	2	2	6	13	0	0
TCGA-CR-7364	20	13	220	25	61	15	0	69	41	63
TCGA-CR-7365	44	74	8	12	0	0	10	28	13	10
TCGA-CR-7367	15	5	24	21	29	0	44	0	26	14
TCGA-CR-7368	55	62	6	9	30	0	4	0	17	26
TCGA-CR-7369	9	0	20	2	34	0	0	0	0	17
TCGA-CR-7370	45	44	314	24	62	18	60	15	21	12
TCGA-CR-7371	25	73	86	6	45	72	0	0	0	0
TCGA-CR-7372	2	0	5	20	0	0	20	3	0	0
TCGA-CR-7373	21	36	0	18	17	0	33	0	0	0
TCGA-CR-7374	46	58	124	18	2	32	38	3	28	13
TCGA-CR-7376	1	10	0	12	7	0	0	0	5	2
TCGA-CR-7377	16	4	2	17	22	0	0	2	24	31
TCGA-CR-7379	14	5	12	37	42	11	12	0	19	0
TCGA-CR-7380	7	0	3	43	22	0	20	0	0	0
TCGA-CR-7382	10	12	0	24	5	0	15	1	0	4
TCGA-CR-7383	4	0	14	10	49	30	13	0	0	13
TCGA-CR-7385	5	7	0	1	11	14	0	0	3	0
TCGA-CR-7386	59	76	0	2	36	0	15	0	0	0
TCGA-CR-7388	80	135	224	16	27	23	38	129	21	6
TCGA-CR-7389	0	0	0	17	0	33	0	0	21	17
TCGA-CR-7390	17	23	0	7	36	4	40	16	0	11
TCGA-CR-7391	0	1	0	1	0	0	0	0	0	0
TCGA-CR-7392	2	0	0	1	2	0	0	0	2	0
TCGA-CR-7394	37	8	0	9	52	0	12	0	0	7
TCGA-CR-7395	71	20	1	13	9	4	0	0	25	5
TCGA-CR-7397	4	2	0	2	18	0	4	2	0	0
TCGA-CR-7398	39	22	179	39	0	30	32	39	0	21
TCGA-CR-7399	29	23	108	15	39	27	71	0	0	6
TCGA-CR-7401	3	3	0	14	53	22	0	0	4	0
TCGA-CR-7404	43	28	0	9	31	0	0	2	0	2
TCGA-CV-5430	33	31	0	7	11	0	4	34	15	21
TCGA-CV-5432	7	16	121	22	0	61	41	17	25	7
TCGA-CV-5434	9	5	23	32	16	65	0	0	0	4
TCGA-CV-5435	13	0	9	5	16	0	0	37	27	21
TCGA-CV-5436	17	11	1	6	9	0	12	0	26	29
TCGA-CV-5439	7	1	36	0	0	30	14	0	25	7
TCGA-CV-5440	16	30	5	7	11	26	7	13	0	11
TCGA-CV-5441	15	5	224	34	27	72	27	23	12	2
TCGA-CV-5442	139	82	8	60	0	5	0	0	0	0
TCGA-CV-5443	8	0	9	14	6	0	12	3	5	0
TCGA-CV-5444	32	41	7	20	0	11	0	0	9	10
TCGA-CV-5966	15	10	0	5	30	35	0	0	16	17
TCGA-CV-5970	51	44	14	100	0	0	0	0	0	0
TCGA-CV-5971	2	0	0	3	4	0	0	0	0	0
TCGA-CV-5973	4	2	0	28	0	3	26	0	0	0
TCGA-CV-5976	16	8	4	14	8	0	9	0	11	15
TCGA-CV-5977	7	18	10	16	39	0	0	0	8	0
TCGA-CV-5978	10	2	51	7	29	28	24	19	0	15
TCGA-CV-5979	1	2	1	11	0	0	11	0	2	2
TCGA-CV-6003	17	6	5	29	24	0	12	2	1	0
TCGA-CV-6433	5	0	1	16	0	3	0	6	8	9
TCGA-CV-6436	10	4	4	22	37	12	0	0	0	0
TCGA-CV-6441	43	83	15	14	15	38	0	25	22	6
TCGA-CV-6933	11	9	6	2	27	28	0	0	3	35
TCGA-CV-6934	1	5	0	12	3	0	66	0	3	8
TCGA-CV-6935	30	24	98	11	0	0	28	33	18	7
TCGA-CV-6936	96	76	27	29	17	0	0	0	25	16
TCGA-CV-6937	22	6	0	19	0	30	20	16	12	7
TCGA-CV-6938	9	9	0	41	22	16	0	15	0	14
TCGA-CV-6939	2	0	0	4	0	0	19	6	1	0
TCGA-CV-6940	25	32	10	0	50	0	0	0	27	3
TCGA-CV-6941	13	1	7	28	4	55	0	9	46	0
TCGA-CV-6942	58	98	16	46	0	0	25	21	0	0
TCGA-CV-6943	16	11	1	9	0	0	0	0	0	3
TCGA-CV-6945	12	11	52	28	9	32	0	0	8	3
TCGA-CV-6948	28	35	8	9	31	16	72	0	13	0
TCGA-CV-6950	3	0	13	6	17	0	7	0	0	15
TCGA-CV-6951	23	26	9	19	4	0	39	3	4	22
TCGA-CV-6952	25	30	2	24	0	0	0	11	21	77
TCGA-CV-6953	18	16	9	39	0	33	0	0	11	0
TCGA-CV-6954	13	6	9	6	22	0	12	13	18	19
TCGA-CV-6955	8	8	3	19	0	0	20	3	23	1
TCGA-CV-6956	20	17	12	24	16	105	0	19	0	13
TCGA-CV-6959	0	2	12	14	30	0	0	11	0	0
TCGA-CV-6960	9	15	73	16	0	0	23	33	9	19
TCGA-CV-6961	287	277	15	16	0	0	0	47	0	6
TCGA-CV-6962	7	0	30	20	3	4	43	14	23	12
TCGA-CV-7089	45	64	5	3	0	10	0	0	9	32
TCGA-CV-7090	10	2	3	11	11	0	0	10	3	1
TCGA-CV-7091	14	9	0	14	6	42	4	36	3	9
TCGA-CV-7095	47	72	9	65	0	10	24	11	25	0
TCGA-CV-7097	9	6	0	23	1	20	0	12	6	10
TCGA-CV-7099	98	103	8	13	66	3	0	0	0	8
TCGA-CV-7100	2	0	0	4	0	0	0	6	2	0
TCGA-CV-7101	22	5	24	0	62	1	24	12	22	11
TCGA-CV-7102	28	37	8	6	48	3	5	20	7	6
TCGA-CV-7103	3	9	3	6	0	0	0	2	13	10
TCGA-CV-7104	19	8	0	10	19	0	39	21	0	0
TCGA-CV-7177	5	19	0	0	25	36	15	0	0	0
TCGA-CV-7178	14	19	5	29	2	25	0	2	38	0
TCGA-CV-7180	6	2	3	13	0	0	22	3	0	10
TCGA-CV-7183	9	0	14	16	6	18	0	0	2	0
TCGA-CV-7235	13	23	4	22	0	12	31	17	0	23
TCGA-CV-7236	1	0	1	9	28	1	0	0	7	0
TCGA-CV-7238	5	5	2	21	0	0	0	0	14	0
TCGA-CV-7242	12	15	115	26	0	116	0	50	0	12
TCGA-CV-7243	17	4	2	33	0	0	0	2	13	3
TCGA-CV-7245	19	16	171	30	0	125	80	111	20	27
TCGA-CV-7247	10	3	0	1	16	0	23	8	0	0
TCGA-CV-7248	29	15	161	2	0	0	7	33	54	11
TCGA-CV-7250	7	6	40	40	18	90	0	4	5	0
TCGA-CV-7252	56	25	0	40	59	38	37	0	0	1
TCGA-CV-7253	6	5	29	36	0	19	60	5	26	4
TCGA-CV-7254	11	8	108	2	43	25	0	59	13	8
TCGA-CV-7255	6	3	12	13	49	3	1	0	16	4
TCGA-CV-7261	11	10	22	24	7	0	0	11	27	2
TCGA-CV-7263	10	0	0	17	18	55	0	0	12	15
TCGA-CV-7406	117	47	8	16	24	0	12	0	0	1
TCGA-CV-7407	8	4	2	4	36	18	0	5	11	24
TCGA-CV-7410	3	11	1	0	0	0	5	0	1	0
TCGA-CV-7411	19	12	11	0	27	31	20	0	1	0
TCGA-CV-7413	14	4	7	20	0	16	0	0	19	0
TCGA-CV-7414	39	76	0	2	78	0	0	31	0	30
TCGA-CV-7415	14	18	3	11	0	23	0	0	9	0
TCGA-CV-7416	15	3	0	29	6	0	4	14	4	0
TCGA-CV-7418	0	20	5	0	44	0	52	18	23	11
TCGA-CV-7421	6	11	10	6	22	0	0	0	2	7
TCGA-CV-7422	12	16	21	22	13	0	30	10	8	6
TCGA-CV-7423	5	0	2	0	48	0	0	10	8	0
TCGA-CV-7424	22	30	29	35	21	9	8	10	29	2
TCGA-CV-7425	16	7	16	24	40	0	0	4	8	5
TCGA-CV-7427	210	260	5	3	0	0	10	15	1	2
TCGA-CV-7429	8	3	8	16	2	0	0	14	3	3
TCGA-CV-7430	14	2	23	25	0	32	0	0	18	12
TCGA-CV-7432	11	5	31	10	36	17	46	0	17	8
TCGA-CV-7433	14	16	13	2	20	15	0	8	0	15
TCGA-CV-7434	0	7	17	21	12	31	18	1	0	4
TCGA-CV-7435	13	2	5	0	16	0	0	14	8	27
TCGA-CV-7437	16	13	17	22	52	0	14	0	0	1
TCGA-CV-7438	9	21	7	26	4	12	0	0	14	9
TCGA-CV-7440	15	19	86	26	0	5	24	4	19	25
TCGA-CV-7446	23	29	20	11	17	25	25	0	2	14
TCGA-CV-A45O	65	24	0	4	31	0	6	15	0	0
TCGA-CV-A45P	54	53	5	30	0	0	0	38	0	1
TCGA-CV-A45Q	65	93	2	33	53	24	7	40	4	3
TCGA-CV-A45R	7	1	0	40	18	0	17	2	6	7
TCGA-CV-A45T	0	0	0	7	0	0	0	0	0	2
TCGA-CV-A45U	72	31	24	20	0	8	32	15	5	13
TCGA-CV-A45V	16	9	7	2	73	0	0	0	12	0
TCGA-CV-A45W	36	18	236	26	0	53	59	76	38	12
TCGA-CV-A45X	6	14	5	13	0	0	37	0	31	9
TCGA-CV-A45Y	0	6	6	0	22	0	0	0	0	7
TCGA-CV-A45Z	13	32	251	0	0	78	224	51	2	0
TCGA-CV-A460	6	3	4	11	18	0	13	4	0	14
TCGA-CV-A461	38	12	272	2	20	84	58	123	57	22
TCGA-CV-A463	73	43	9	36	56	0	0	15	10	9
TCGA-CV-A464	3	0	1	0	10	0	8	0	3	0
TCGA-CV-A465	3	3	0	9	9	0	6	6	0	0
TCGA-CV-A468	17	0	0	10	85	46	0	0	0	0
TCGA-CV-A6JD	10	0	5	40	0	4	21	0	19	0
TCGA-CV-A6JE	19	36	0	6	10	32	0	24	0	27
TCGA-CV-A6JM	152	69	0	18	0	42	12	38	11	0
TCGA-CV-A6JN	7	1	9	19	7	0	11	0	0	35
TCGA-CV-A6JO	0	1	0	22	25	0	17	0	0	0
TCGA-CV-A6JT	8	2	3	19	16	0	0	8	3	0
TCGA-CV-A6JU	1	5	9	3	0	0	0	42	61	19
TCGA-CV-A6JY	6	0	11	13	38	8	0	0	10	0
TCGA-CV-A6JZ	10	0	10	11	6	25	26	0	13	6
TCGA-CV-A6K0	1	0	0	4	0	2	0	0	0	0
TCGA-CV-A6K1	56	27	111	112	25	0	0	0	202	0
TCGA-CV-A6K2	350	361	10	10	0	21	0	3	18	0
TCGA-CX-7082	5	10	3	10	0	36	0	0	12	29
TCGA-CX-7085	29	31	1	11	6	3	0	0	0	1
TCGA-CX-7086	32	35	9	8	34	57	0	29	28	19
TCGA-CX-7219	19	19	4	17	17	14	38	0	0	0
TCGA-CX-A4AQ	13	12	8	25	0	45	0	0	3	6
TCGA-D6-6515	6	0	0	7	21	3	0	0	0	2
TCGA-D6-6517	5	0	10	1	25	8	0	3	12	11
TCGA-D6-6823	5	5	9	0	18	2	30	0	6	37
TCGA-D6-6824	1	0	7	0	0	0	4	0	6	0
TCGA-D6-6825	7	2	0	9	30	25	7	0	0	2
TCGA-D6-6826	14	16	0	19	21	0	8	18	12	1
TCGA-D6-6827	0	0	0	2	1	0	0	0	7	2
TCGA-D6-8568	11	5	8	13	7	0	0	35	18	13
TCGA-D6-8569	3	0	18	5	26	15	6	7	33	32
TCGA-D6-A4Z9	1	5	13	11	16	20	14	3	1	22
TCGA-D6-A4ZB	4	41	16	4	22	0	10	0	11	11
TCGA-D6-A6EK	14	0	27	22	3	79	0	20	5	16
TCGA-D6-A6EM	9	0	1	26	0	48	5	0	0	11
TCGA-D6-A6EN	14	9	10	27	12	0	37	0	0	0
TCGA-D6-A6EO	6	0	0	1	32	35	1	22	0	0
TCGA-D6-A6EP	10	16	24	9	0	23	31	12	15	9
TCGA-D6-A6EQ	17	6	9	0	20	16	0	0	33	0
TCGA-D6-A6ES	39	102	7	20	18	25	19	0	0	5
TCGA-D6-A74Q	65	54	168	29	13	34	42	34	22	16
TCGA-DQ-5624	33	15	0	8	9	0	0	1	15	2
TCGA-DQ-5625	32	76	2	20	35	0	0	7	0	38
TCGA-DQ-5629	18	18	93	30	0	104	0	83	33	0
TCGA-DQ-5630	0	4	3	13	15	0	0	0	15	7
TCGA-DQ-5631	9	4	0	17	42	0	0	24	3	2
TCGA-DQ-7588	22	17	7	6	4	0	0	25	0	34
TCGA-DQ-7591	2	2	0	0	20	0	0	0	11	5
TCGA-DQ-7592	4	4	4	9	21	0	0	10	28	4
TCGA-DQ-7593	0	0	0	7	6	0	10	0	0	0
TCGA-DQ-7596	0	2	0	9	0	0	7	0	0	0
TCGA-F7-7848	17	7	158	11	0	0	72	55	22	28
TCGA-F7-8298	12	41	8	16	0	0	3	0	0	31
TCGA-F7-8489	21	19	12	17	0	27	0	0	1	23
TCGA-F7-A50G	5	28	1	18	60	0	0	0	0	0
TCGA-F7-A50I	12	6	28	20	0	45	0	11	21	8
TCGA-F7-A50J	29	55	10	35	13	7	9	0	14	3
TCGA-F7-A61S	7	6	10	39	0	18	16	0	18	8
TCGA-F7-A61V	19	14	10	8	0	0	56	0	0	7
TCGA-F7-A61W	0	5	7	6	0	0	0	1	10	45
TCGA-F7-A620	6	2	4	19	0	0	0	13	2	10
TCGA-F7-A622	0	0	0	22	3	0	17	6	0	15
TCGA-F7-A623	28	17	11	19	36	8	0	19	37	28
TCGA-H7-7774	12	2	12	30	36	0	9	0	32	7
TCGA-H7-8501	50	69	5	32	0	18	0	0	0	0
TCGA-H7-A6C4	2	0	0	18	0	0	11	0	0	0
TCGA-H7-A6C5	4	2	24	16	33	21	10	0	7	0
TCGA-H7-A76A	33	34	1	12	0	0	0	0	2	0
TCGA-HD-7229	11	17	19	40	0	0	0	50	17	7
TCGA-HD-7753	2	5	20	0	11	8	20	0	0	37
TCGA-HD-7754	6	0	0	9	50	0	4	0	0	0
TCGA-HD-7831	2	0	0	6	12	0	15	1	0	0
TCGA-HD-7832	21	3	0	0	35	1	17	0	18	21
TCGA-HD-8224	5	4	10	16	7	15	0	0	5	11
TCGA-HD-8314	37	11	3	8	0	0	6	10	0	2
TCGA-HD-8634	8	6	6	6	26	2	0	0	9	0
TCGA-HD-8635	33	56	14	20	0	42	0	52	5	14
TCGA-HD-A4C1	59	51	8	41	0	0	1	14	46	8
TCGA-HD-A633	37	30	12	21	0	1	50	3	0	0
TCGA-HD-A634	4	0	10	15	4	6	0	5	0	0
TCGA-HD-A6HZ	10	17	7	25	13	0	0	4	14	0
TCGA-HD-A6I0	14	3	3	37	4	7	12	4	0	0
TCGA-IQ-7630	15	18	16	86	0	0	0	0	0	10
TCGA-IQ-7631	1	0	0	4	32	0	0	0	0	0
TCGA-IQ-7632	2	0	0	3	0	33	0	0	1	2
TCGA-IQ-A61E	44	65	0	20	12	39	8	0	0	0
TCGA-IQ-A61G	9	8	16	20	14	0	35	0	41	6
TCGA-IQ-A61H	21	25	0	33	0	46	0	12	0	12
TCGA-IQ-A61I	76	25	2	6	27	0	1	0	10	0
TCGA-IQ-A61J	0	0	5	5	27	0	0	0	0	2
TCGA-IQ-A61O	5	0	3	19	0	0	11	0	3	0
TCGA-IQ-A6SG	3	0	32	3	43	0	1	0	13	20
TCGA-IQ-A6SH	10	1	1	12	32	2	4	0	14	10
TCGA-KU-A66S	1	40	80	31	0	0	0	319	26	4
TCGA-KU-A66T	12	5	8	36	0	0	12	17	27	0
TCGA-KU-A6H7	64	51	0	3	19	0	13	0	0	0
TCGA-KU-A6H8	0	1	1	5	1	0	6	0	0	7
TCGA-MT-A51W	9	24	6	2	0	1	0	3	6	18
TCGA-MT-A51X	0	2	0	10	19	9	0	0	17	0
TCGA-MT-A67A	5	2	2	46	24	0	0	18	11	8
TCGA-MT-A67D	9	0	0	19	18	28	10	1	10	10
TCGA-MT-A67F	161	114	0	6	8	29	0	0	4	0
TCGA-MT-A7BN	9	4	9	25	13	5	0	0	0	2
TCGA-MZ-A5BI	1	3	1	9	6	0	0	0	15	0
TCGA-MZ-A6I9	3	2	0	10	0	0	7	8	0	0
TCGA-MZ-A7D7	14	36	10	0	21	0	20	10	3	23
TCGA-P3-A5Q5	105	123	0	7	64	0	5	12	0	1
TCGA-P3-A5Q6	17	16	4	26	5	22	24	3	1	23
TCGA-P3-A5QA	2	0	5	43	0	16	1	4	0	0
TCGA-P3-A5QE	1	7	3	16	13	0	5	0	0	0
TCGA-P3-A5QF	214	189	0	10	0	0	0	23	0	0
TCGA-P3-A6SW	11	8	0	6	18	17	10	0	0	0
TCGA-P3-A6SX	0	31	28	22	6	33	20	8	12	41
TCGA-P3-A6T0	4	2	0	27	34	33	2	0	0	0
TCGA-P3-A6T2	21	6	9	23	0	0	5	9	0	4
TCGA-P3-A6T3	31	42	0	22	0	0	28	0	0	0
TCGA-P3-A6T4	29	50	0	7	3	0	22	34	1	16
TCGA-P3-A6T5	61	43	16	49	15	22	0	8	5	19
TCGA-P3-A6T6	36	33	14	16	0	39	2	12	0	2
TCGA-P3-A6T7	13	27	0	40	0	0	25	17	9	20
TCGA-P3-A6T8	1	0	0	10	24	39	7	2	1	11
TCGA-QK-A64Z	15	25	4	16	0	0	0	3	15	10
TCGA-QK-A652	4	1	5	10	2	5	0	8	9	3
TCGA-QK-A6IF	6	0	0	12	0	4	0	0	9	0
TCGA-QK-A6IG	27	33	10	34	12	0	11	2	2	0
TCGA-QK-A6IH	7	12	0	7	29	12	0	0	7	4
TCGA-QK-A6II	18	83	5	0	50	0	0	0	12	32
TCGA-QK-A6IJ	2	0	0	23	0	11	14	1	1	0
TCGA-QK-A6V9	13	2	0	32	13	13	0	5	0	4
TCGA-QK-A6VB	0	2	76	81	0	0	0	0	291	6
TCGA-QK-A6VC	58	42	2	7	0	0	10	35	0	8
TCGA-QK-A8Z7	0	3	12	8	46	58	0	0	17	2
TCGA-QK-A8Z8	23	7	228	28	12	7	99	20	0	35
TCGA-QK-A8Z9	13	14	0	4	24	2	47	0	9	30
TCGA-QK-A8ZA	21	12	15	14	12	3	26	18	0	17
TCGA-QK-A8ZB	5	24	6	4	33	0	15	0	24	0
TCGA-QK-AA3J	28	21	1	14	0	11	0	20	0	47
TCGA-QK-AA3K	7	5	6	14	0	12	22	0	20	18
TCGA-RS-A6TO	39	28	3	18	35	0	47	0	0	2
TCGA-RS-A6TP	56	53	0	19	6	16	0	2	0	2
TCGA-T2-A6WX	72	72	6	8	53	0	0	4	9	0
TCGA-T2-A6WZ	6	13	7	26	0	0	16	9	0	22
TCGA-T2-A6X0	7	0	2	36	5	5	0	0	10	0
TCGA-T2-A6X2	145	183	0	11	0	42	5	45	0	0
TCGA-T3-A92M	77	179	39	5	55	0	0	0	7	17
TCGA-T3-A92N	60	20	3	44	0	0	34	0	0	25
TCGA-TN-A7HI	11	0	7	22	20	0	0	2	1	0
TCGA-TN-A7HJ	41	24	9	14	0	3	10	0	0	0
TCGA-TN-A7HL	353	274	1	0	97	0	0	34	0	0
TCGA-UF-A718	0	0	14	9	22	0	0	10	0	7
TCGA-UF-A719	5	0	2	30	0	0	34	19	22	11
TCGA-UF-A71A	11	7	13	10	38	44	35	11	10	42
TCGA-UF-A71B	14	10	0	15	2	0	56	7	30	23
TCGA-UF-A71D	36	17	129	57	0	203	0	30	44	10
TCGA-UF-A71E	11	2	23	46	44	37	0	16	0	15
TCGA-UF-A7J9	32	56	62	26	15	65	0	0	0	13
TCGA-UF-A7JA	20	52	26	7	24	40	0	0	5	13
TCGA-UF-A7JC	7	2	11	10	5	0	0	0	3	22
TCGA-UF-A7JD	0	0	13	7	41	0	42	0	0	12
TCGA-UF-A7JF	15	8	22	4	20	0	0	23	0	34
TCGA-UF-A7JH	6	1	23	12	37	0	0	0	0	5
TCGA-UF-A7JJ	0	2	13	4	0	35	0	0	0	0
TCGA-UF-A7JK	8	1	22	44	0	26	0	4	0	25
TCGA-UF-A7JO	24	41	3	59	0	28	0	7	16	0
TCGA-UF-A7JS	3	9	7	19	3	0	0	25	7	6
TCGA-UF-A7JT	46	64	12	21	59	0	17	0	0	0
TCGA-UF-A7JV	32	26	0	2	0	16	10	0	0	1
TCGA-UP-A6WW	1	0	1	10	23	0	4	0	6	0
TCGA-WA-A7GZ	43	52	28	34	0	0	0	0	38	34
TCGA-WA-A7H4	4	15	3	10	0	0	0	0	10	9
