MutationType	SBS96A	SBS96B	SBS96C	SBS96D	SBS96E	SBS96F	SBS96G	SBS96H
A[C>A]A	0.00963794165902093	0.005180669217807008	0.02547318696975708	0.0034345025984299582	0.014459209750061177	0.021887002295115962	0.011485847394671537	0.013299133757864285
A[C>A]C	0.0007774640630691465	0.001500241377533607	0.024967362680545193	0.001983630771256912	0.01015621839906089	0.013555128804509877	0.01013855875551144	0.008239120754503403
A[C>A]G	0.0019429067636821174	0.0002762215715335969	0.03549735402868464	0.000988885384213063	0.007131560465559232	0.013328084144918649	0.014708332677613498	0.0045629918078714665
A[C>A]T	0.0004879799226182513	0.0013055655559013246	0.017643703494686632	0.0007015913518887373	0.006843043601411409	0.011587938981525667	0.004022960334878576	0.004787626776709431
A[C>G]A	0.13795793503522874	0.007470777244885876	0.0033655798137932685	1.8290984714042224e-06	0.007181437569733475	0.013059098107530791	0.0023685950471934803	0.010342695433742506
A[C>G]C	0.006686771120359367	0.00035858190077021847	0.0040373569549910825	0.00017843350138420532	0.005376797790605696	0.016402320273843998	0.0044212250407335675	0.004724677345429882
A[C>G]G	0.005030736289416495	0.0004139145196222671	0.006543904957623568	0.0007221405199211261	0.004756264276892246	0.016397077588499086	0.002020558557524481	0.006912137106403122
A[C>G]T	0.0039073547599269886	0.0008994336414895769	0.0010558330474759714	0.0004949097222862519	0.005979954573194525	0.011740301486236148	0.008718092337526908	0.016720079222141068
A[C>T]A	0.014000073659117334	0.10321009945124388	0.010987593007046144	0.007036732402588071	0.009912792262018116	0.00655481412464951	0.03457026996941579	0.006295071556378389
A[C>T]C	0.0009149993263781653	0.004960186271637213	0.009802193031646311	0.016621534126461484	0.022651225590343528	0.012951378585130442	0.02466792952036485	0.013582871472499392
A[C>T]G	0.0034468837524311846	0.005725492049823747	0.006488834171038551	0.10642706222832203	0.04459560184710426	0.01941309281857684	0.04253696289844812	0.006813589726208874
A[C>T]T	0.0006281155325150678	0.003452259676635059	0.003164913755837606	0.005673347950769596	0.030693137221485926	0.013119573271458193	0.015625915940615586	0.013410585840969134
A[T>A]A	0.0002611142306409242	5.575700272046902e-06	0.002439961281536398	0.00020352826798855972	0.005386800665063518	0.004270605350911936	0.0024253131986617404	0.015186783496556444
A[T>A]C	0.0005743091292679737	0.00040143932314279596	0.002507975155461395	0.0003739716828595618	0.006239110030757047	0.004751355774875315	0.010632535089898738	0.010868274769107985
A[T>A]G	0.0009228346805141071	0.0008495357414227589	0.008127496029739518	0.00020241629682033136	0.007436959824117651	0.007020592770038867	0.006569997799036855	0.01851613038497817
A[T>A]T	0.00032122081804935476	0.00010921694295099371	0.0002789000996214952	0.00019785008227749757	0.005739306732671708	0.0013629988926848568	0.003796882121074674	0.027183912855095967
A[T>C]A	1.3426150990980545e-07	0.0003694794058930029	0.0032305154223331556	1.3130738604019144e-05	0.00828563633629102	0.004651385096126717	0.0035925966155825506	0.07735777465626598
A[T>C]C	0.0004363555865307234	0.0014990721814022124	0.0015756415478597402	0.0018623416490578747	0.012188702319122627	0.005157851424510227	0.01822722820234503	0.01044963216939493
A[T>C]G	0.0006331944941512546	0.0015827643489710397	0.006972560353655126	0.0002807032521792507	0.010459940194068621	0.01001049798843269	0.010375338774948872	0.046887257425114515
A[T>C]T	0.001833565422457184	0.0009456614835730193	0.0004095662440226988	0.0019010532094372935	0.012708199173068122	0.004568065069582588	0.0075479414507820764	0.07437481235996529
A[T>G]A	8.321150498964869e-05	0.0009706742961476777	0.0006405312508832139	0.0006709364078427882	0.004748120301537853	0.0027407021643694063	0.004529129954179334	0.00524390130706692
A[T>G]C	0.000275192777602129	0.00037631440990477217	0.00017593980276487287	0.0015591887549796014	0.003511877312321161	0.0015219079097202838	0.0015368688635619776	0.0016960057313702493
A[T>G]G	0.000205451932411691	0.0009365910762088348	0.0006439259440609391	0.0011859938878508558	0.008375705399047462	0.004122977290228107	0.0060540982255957235	0.005912907765135173
A[T>G]T	0.00012741573154753994	0.0003645958214312017	8.976238650717505e-06	0.0006438711086218518	0.0026156188532623402	0.0006887405598055807	0.00432287847568763	0.006904239285890128
C[C>A]A	0.003358954921249051	0.003100305029082904	0.04093338753009448	0.0014946855397855075	0.00693728968816174	0.03345826378025208	0.004996654990605407	0.001009260468983797
C[C>A]C	2.284370887421616e-05	5.061200653543041e-08	0.0663948399014771	0.00012539150680559885	0.00046754340298889476	0.002123402765102438	0.0007265812282272322	0.00045603301224893754
C[C>A]G	0.000956601222428759	0.0004630705762061993	0.05536221668963208	0.0008995564375854315	0.0017124507140236745	0.01071812417859727	0.002126181795035862	0.00018655817316158617
C[C>A]T	6.175087820437852e-05	0.00037389859731073674	0.05216000661921498	0.0013280458447363231	0.002762376246824374	0.004050684233667639	0.007322719172684166	0.0010987736326001142
C[C>G]A	0.020054790471135675	0.0008220195772706517	0.0073044558151453744	0.00048593756997803437	0.0037565007418037056	0.011030596083347888	0.0014648505471285488	0.0012391069920124663
C[C>G]C	0.0006439410742605389	0.0003309047518792596	0.012044235852611109	0.00031179064967388256	0.001405845393660752	0.014890807215596737	0.0010584923850890959	0.0004209145471037701
C[C>G]G	0.0022974080689891706	0.00034855996462312077	0.01321321101103365	0.0035075926704246285	0.005024098836961457	0.011541909606923256	0.0013869103111011328	0.00019494156586006284
C[C>G]T	0.004684954873944817	0.0008471279680770749	0.005258563078317593	0.0004404686634609418	0.005560216703640748	0.021202950193691096	0.0025395844142900616	0.005522045907125914
C[C>T]A	0.012472429607235287	0.07561652963981032	0.00374873930864851	0.06690551061648875	0.032464053540024906	0.017332854295501673	0.031656014494947156	0.01320961638353765
C[C>T]C	0.004051657319942024	0.009489250556169978	0.007373840752479737	0.1079294315725565	0.035936615713872015	0.010723606026840814	0.04828702146187425	0.011090493936026256
C[C>T]G	0.00743625723811623	0.021596889308420943	0.0011964199005158437	0.2075669526308775	0.049240635398309675	0.011933324980782345	0.022033177181681365	0.015662569538506393
C[C>T]T	0.0035945799814362544	0.009996285652200931	0.006221386216930113	0.10247895946726203	0.04587002975982615	0.021612101034875094	0.034205748090043925	0.019280043227031456
C[T>A]A	4.9714495951120875e-05	0.00016335467059802155	0.008498838940611222	0.0004943600384542091	0.00206814578275214	0.00422153859333946	0.001893711764864321	0.00565593753678602
C[T>A]C	0.0003233137818267337	0.0004028761360527975	0.009584839290585023	0.00010901721579330115	0.007809830512459257	0.011053646438567313	0.003888693213934573	0.016883211737998637
C[T>A]G	2.690167317354053e-08	0.00028459588743444896	0.038098416947045737	9.643410771417393e-05	0.00914875507434683	0.009445340726037728	0.004380213748674038	0.010112549089390086
C[T>A]T	0.00013321333245713162	0.0005927604023564826	0.009407420103198092	0.0005833285385115871	0.006481688330721908	0.006214438348702913	0.004112387975135449	0.02230538312291401
C[T>C]A	0.0005881133163022767	0.0011939168689013967	0.005277768856039633	0.0010011125627252683	0.008583996935384731	0.006761010379912307	0.012177723644975628	0.004612028300418558
C[T>C]C	0.001421186452847678	0.001703194190401902	0.0028996728287123117	0.0032222132798028725	0.010282372646893237	0.006280238255375821	0.021201050640901258	0.007687734231211802
C[T>C]G	7.623693804987398e-05	0.0007580405756419245	0.0166080237683218	0.0042482226263796	0.007163581145828175	0.007318552264015921	0.022469072541944256	0.008607292210080289
C[T>C]T	0.0010469720425702177	0.0005260316261964704	0.005931732637109235	0.0005505293320437943	0.011308116467050695	0.008507157631337482	0.014439581640428968	0.044573448499286315
C[T>G]A	8.929903063563671e-05	0.00015981862867000095	0.0014767667060799283	0.0010557267199182265	0.0034318755740473605	0.003120504462015852	0.0018056692757892278	0.003384413313406185
C[T>G]C	0.0004303401903561621	0.0001498681157727333	0.0034475099715114864	0.0010343333886008669	0.0036791767372315576	0.004526779663696345	0.004286031954131033	0.0014913117165320955
C[T>G]G	0.00028587124979480907	0.0005586993782664962	0.005445042070037971	0.000933289982776273	0.00696188959832611	0.0059370789297046155	0.007610861053236135	0.004369608951787995
C[T>G]T	9.116941151408043e-05	0.0009996451852956401	0.0006242370365863791	0.00310289958221027	0.007709015962970369	0.007317404638202163	0.0042425008288843455	0.00243758568018265
G[C>A]A	0.0049560911844196195	0.0104541592712917	0.02988444983959198	0.00939419274783745	0.01859316675865557	0.034421979520266176	0.009046231611414442	0.007158349136270772
G[C>A]C	0.0010456517386272207	0.0016058422329974045	0.02703125807998731	0.0004531787113838814	0.018429471375093272	0.020779909418370154	0.007274498681399706	0.01003677397698246
G[C>A]G	0.001230014676434763	0.00017092038981648017	0.055580302060070606	5.894051318296789e-05	0.003504789404212686	0.008826799645348729	0.002367884993753649	0.0017176960414784048
G[C>A]T	0.0005095066033898732	0.003205952225083024	0.020560499360308314	0.004293534845589306	0.012497528957329727	0.01677417156402953	0.00586048474521931	0.009677807728910465
G[C>G]A	0.034059743494726714	0.0024310782330599066	0.005374080909566885	0.0005908310247168913	0.0043203621787878885	0.018049559374351248	0.003903901426360079	0.0024788124761039396
G[C>G]C	0.0007398113534358686	0.00039558795038871605	0.010383937541259911	0.001775046322070466	0.003001044861500759	0.008182707349691327	0.0037389277139823207	0.005816569327944622
G[C>G]G	0.0010878414618852616	0.00015639542960222742	0.013780679217006764	0.0001505217241292911	0.0024617562145426318	0.011291078918082747	0.0009354294121216355	0.0013826451994312094
G[C>G]T	0.0027847941411125775	0.0017232279659849326	0.0055733104092010426	0.0018520762983129657	0.010226389620947884	0.00985928625379529	0.0025912932346975025	0.003413347916357452
G[C>T]A	0.007425305194676854	0.0626295636035502	0.011323838974349201	0.019320663193159362	0.019697775372092934	0.015040017144651864	0.025307790631505324	0.02437429739977233
G[C>T]C	0.002165702307328274	0.0033963955850137497	0.008794356987736762	0.01773662050822509	0.01777870665803448	0.0076376642398827245	0.07493054187856614	0.007852327011470948
G[C>T]G	0.005267370810033753	0.010455542602470553	0.009523380345344777	0.1102440606430173	0.024369118980507663	0.01903220742409313	0.05158148709917441	0.0028435525477630134
G[C>T]T	0.0017026408004651471	0.0029769626611330356	0.008200081578615084	0.007053176111950563	0.014573524769650703	0.012131664103577577	0.04115384486038238	0.026115034567270642
G[T>A]A	0.0005158257642445696	0.00042220446266476585	0.00418999738262869	0.00015238220320938468	0.006653403542994838	0.005734843069859608	0.006208344351808552	0.007754226060627829
G[T>A]C	0.0005482663285917511	0.0005913100658406734	0.004559517218688143	0.001110327652637011	0.00582775457635897	0.007831573476581468	0.00210997431512709	0.003761879856921404
G[T>A]G	0.0012906961553515828	0.0004175378236543309	0.010760809444345654	3.509040695234944e-05	0.006834971980869078	0.00831549717501872	0.00652833526698468	0.008118922663178641
G[T>A]T	0.00012043843247965924	0.001052346203051293	0.0021666955097873596	0.0023870740914855304	0.007759701823350724	0.006061055779924231	0.005830496621695716	0.007019616287122403
G[T>C]A	0.0008026829709643834	0.0010847804351942613	0.002979410332779793	0.006511228025015683	0.010626110537087926	0.00906609634374746	0.007535407352128516	0.006478454088696423
G[T>C]C	0.000801240614292169	0.0019211125746670633	0.00032815927057527005	0.005441381828657796	0.0109637048315831	0.0025582300246384192	0.017366037787995767	0.005680970742105074
G[T>C]G	0.000497032607258916	0.0007156639753253557	0.005725337349454094	0.005345596408320235	0.011597840818415648	0.010085753878338514	0.014155880354228429	0.002938942851465499
G[T>C]T	0.002363038541740252	0.0007918597876496846	0.0009442206651328888	0.002814643147888596	0.010441595734600923	0.004223933753705751	0.01524155925510854	0.012917111092505706
G[T>G]A	0.00015591267069126502	0.00019933113901929645	0.0005082454388420387	0.0005569931163615393	0.003450254561609043	0.0036213616423513883	0.0032825890211382004	0.0040411642768278
G[T>G]C	0.00024110108055168665	0.001035981920335766	0.0001593498187287423	0.0010510474414238047	0.0032844381237712383	0.0016825614268811506	0.001359632172006968	0.0013909818322373725
G[T>G]G	0.0003024664316698455	0.0006635787552566441	0.0022848172755948327	0.0005901000048550031	0.0018227762000994118	0.005524113944978808	0.002671047859296891	0.0009754403917305865
G[T>G]T	0.00018492704930631377	0.00020522847163817915	0.0002663837869533836	0.0010555852338842086	0.0016390322603872676	0.0014168894048319912	0.0025482394789980846	0.00463620107363873
T[C>A]A	0.024796027936972678	0.01199956814700272	0.026895177066376796	0.0070619679324981635	0.016302049413789065	0.018735908147531403	0.012759715370511912	0.01130304191925461
T[C>A]C	0.007926652748451488	0.008603183501977103	0.0287861680207061	0.010348010776320962	0.01651270261488065	0.04996326030464843	0.005414217673110216	0.005004101977849551
T[C>A]G	0.00443969214145909	0.0039037265745761897	0.04325155710972297	0.0007028616353328232	0.01052852962889915	0.024593464634955355	0.004470171156777241	0.0022066281872509174
T[C>A]T	0.0082799145829631	0.005722344052919652	0.02779801236640196	0.003709028287576075	0.019754011918557808	0.028700283386278898	0.005914872894536529	0.012294185063656187
T[C>G]A	0.2543975238315761	0.009741234360987505	0.0009192480658900593	4.2811824534823015e-05	0.00013522339961484153	0.0013314107580571744	0.0005752025307239705	0.0005209006871360944
T[C>G]C	0.04335960280906875	0.005385525523520269	0.005376775172110228	0.0006736006491618696	0.0036173337376713055	0.020354308041888914	0.002450631978921365	0.0003278841957296094
T[C>G]G	0.02065891159406874	0.0016816558485363941	0.00591370004482279	5.940873871839614e-05	0.004313745978548967	0.021036543370582736	0.0012984445781112441	0.0011556428818317954
T[C>G]T	0.1422693760260154	0.010364852119672606	0.0012970421600857684	0.0004606181616912863	0.012844790372988938	0.012545234858509105	0.0073471886778784775	0.011199586361347684
T[C>T]A	0.10974890021771444	0.328540216460824	0.0007484048386914583	0.005458570893631673	0.006441602189647	0.002970042509923516	0.0023566552032542633	0.00027249054606329545
T[C>T]C	0.007843693622999127	0.06510385187342763	0.011080609206692316	0.022084529767632283	0.017436523248115704	0.013871638634589093	0.024077354506298432	0.03922610245877877
T[C>T]G	0.028716064417967573	0.06096748888492584	0.002526557105136289	0.06323489897418767	0.048630926921032366	0.014541757026460145	0.01674950382332227	0.014670581398531795
T[C>T]T	0.018186542105104307	0.09991513583108827	0.01000960643963495	0.012397867065073185	0.019219175053876825	0.007364313985453919	0.024850883911121856	0.005176857310601975
T[T>A]A	0.00032958174500350877	0.00047473064959302036	0.004662494766234886	0.0006153599234943385	0.004952197570098278	0.002433409782456799	0.002433862487581635	0.005882049399961033
T[T>A]C	0.00025613737348372466	0.00019915050765050067	0.004254009715822349	0.0011798695632114686	0.005743876566104471	0.009750957596207085	0.002161262589688775	0.004819958154988626
T[T>A]G	0.000134870899720525	0.0004103108210494355	0.007951960187638179	0.0007305027546781418	0.00411502563117466	0.002643966755583165	0.0022030273740455187	0.0027450883685128246
T[T>A]T	0.00011307138719192978	0.0006259237860147948	0.00405477632339398	4.1559273275026954e-06	0.003249594805428919	0.003096835789657462	0.0027483033787189014	0.017228165863807588
T[T>C]A	0.00021164129572195378	0.00040690944933963636	0.004963650430056532	0.001144088782658379	0.005451066031811252	0.0047342805692415614	0.00907422465352738	0.0042405848814658495
T[T>C]C	0.0003070478545459128	0.0006204342220854642	0.004702833380915763	0.0043031750268971835	0.007922204366786279	0.0051417667881486296	0.019029651337568794	0.003259544056348318
T[T>C]G	0.0002716425796876365	0.0007612608809802169	0.005420442073068443	0.001064067663513981	0.006055494849672414	0.00939572685912509	0.008786787699783076	0.0028544080597914957
T[T>C]T	0.00030636926171681014	0.00046019732331728844	0.0012603593431522598	0.0001847368240794367	0.009969295112692862	0.009364283324187	0.00922776492904859	0.057423288878053425
T[T>G]A	6.516263820014689e-05	5.791455835804982e-05	0.0008263100044635508	0.00016715017744571624	0.0017469317124163553	0.0017875433433083732	0.0006731161691692478	0.0054150997836822515
T[T>G]C	0.0003534325306111441	0.0008530704370542707	0.00024215582155932226	0.000475279789182943	0.003549806889105582	0.002211376761346031	0.002399434894295425	0.005324576056935228
T[T>G]G	0.000745618181297214	0.0003298446258462893	0.0012246167923123607	0.00019332002020054694	0.003342695680296046	0.0075577604729998174	0.0022252955743608995	0.001299520091046631
T[T>G]T	0.0002196218852187215	0.0005268480117468743	0.0003990354718172284	0.0004644455594225683	0.0046106305211021945	0.0055391786383019335	0.002035076835266807	0.005805511839521102
