MutationType	SBS96A	SBS96B	SBS96C	SBS96D	SBS96E	SBS96F	SBS96G	SBS96H	SBS96I	SBS96J
A[C>A]A	0.0038439572380752907	0.00927187998643376	0.02397631174391677	0.0020972317955147445	0.010260506971389997	0.02248414673260413	0.021775830639826514	0.017296800672775135	0.01085227712028427	0.012327762258937582
A[C>A]C	0.00042541883251006495	0.0006481070589416331	0.028579102139919998	0.0017471910259928337	0.004268962614418115	0.012776715732303505	0.01631648729645633	0.006748838183228827	0.01123028012665486	0.006763218701914582
A[C>A]G	0.0003170766710195786	0.0007636597733203132	0.03481632172834566	0.0002505091441072693	0.005167968286932165	0.016640796213860085	0.012471597896129083	0.009718211162966105	0.015795985144499695	0.004115474348883481
A[C>A]T	0.0008926620739093494	9.924047626554966e-06	0.019759574978160686	0.0009980763705004848	0.002867634329345918	0.00838065167477623	0.008436021255756012	0.008625070340129923	0.005428837267038489	0.004301535012258455
A[C>G]A	0.0020978215627877944	0.14471553149457578	0.003225073295930656	0.0002919733558127291	0.020991024546476424	0.008282671855553633	0.011649092098712828	0.027468670641302994	0.0030595364661400028	0.008594957768888209
A[C>G]C	1.643656985834241e-05	0.004080546033230945	0.003906878595015542	0.000541290478472547	0.003343081982726517	0.006958654985792451	0.004410474840853456	0.02206755556865801	0.003655095915636792	0.005157507808921677
A[C>G]G	0.00028724351883226975	0.0026513009302524715	0.005735226991207014	0.0004568330683513011	0.0035962193736061463	0.005743373818798929	0.0050232819870893765	0.02318649295232575	0.0017491290050304542	0.007653857898517345
A[C>G]T	0.0006124718798685081	0.0019909365914774968	0.0008576857601497068	0.0005110204148527941	0.004126126623303889	0.008933186089859779	0.008575920888305787	0.013882181252103009	0.0068409430863493985	0.016765854874158777
A[C>T]A	0.10891988611801992	0.010135979831755834	0.009858875336780102	0.006984997394689572	0.03335944196950549	0.020272259602886377	0.008212439277251854	0.009844546760036791	0.02613737111082969	0.00475481026495629
A[C>T]C	0.003225923289573984	0.0008635609537304844	0.008777019442932214	0.0159278844664334	0.016428152343723922	0.02414494169410318	0.023244124986247103	0.008233009449904785	0.024240405207310686	0.011276087575242854
A[C>T]G	0.0040459358792304554	0.0022919331389130095	0.005976024887931999	0.1030465457867831	0.06246213441248983	0.03112554027160513	0.020540516065666453	0.009304837920097214	0.044883360263211214	0.005649874484515749
A[C>T]T	0.001334274090315688	0.0002065873647279659	0.0019751494946495226	0.0072755301721097254	0.00830809877186539	0.012455419017300642	0.042526276423791386	0.012111860153263479	0.013156083156329714	0.011314794107161106
A[T>A]A	9.258080473415475e-06	7.970719995142872e-08	0.0018857620299719566	0.00020225538465783898	0.00132153232876703	0.008468479850844162	0.005749649841482451	0.0027780818066185553	0.0027555218434159533	0.01492580378123705
A[T>A]C	2.9861047565971077e-05	5.580013534210338e-05	0.002068910929510821	0.0005029772640093988	0.005059952520722391	0.008100412962381825	0.005830128509574877	0.004080808371646753	0.010596473668217357	0.010268393317870448
A[T>A]G	0.0005414467564621361	0.0002062188591190761	0.007672451608113988	0.000579455755946583	0.0022435447211845982	0.01393437854854767	0.008621125912825663	0.005846966765996697	0.004802163492223599	0.018911564704397678
A[T>A]T	2.9104422547732157e-05	0.0004588816877392965	0.00024197457587106895	0.00032056070686337535	0.0012271128346486649	0.00732973277971837	0.0052122306153146196	0.0008491555346589052	0.0035685483606818914	0.030127080556429747
A[T>C]A	2.7336692198787204e-09	2.0201960069243796e-07	0.0032737140606985803	7.698694800232886e-05	0.0019413425461130968	0.014690734729614973	0.0025295486853221406	0.0010845284692684132	0.002523297350284399	0.09497022584080696
A[T>C]C	0.00046485556272331865	0.00010065473981441642	0.0010780206874699161	0.0013821747595223143	0.004135016509334264	0.017033790098554248	0.007711372459131382	0.002718709232496792	0.023168424335314627	0.008425979685639788
A[T>C]G	0.00046268609320890166	0.00010993088976320565	0.006065566270249292	0.00011725218051935826	0.0021932354507575268	0.019167600575732423	0.01452526140835758	0.008532047112412613	0.010344096973504191	0.04859452718683443
A[T>C]T	0.0002349091404562388	0.0017144352819778441	0.00029325027377154813	0.0024275347995114773	0.009007995841762994	0.007789669859170658	0.007713662234359617	0.0024100596357493486	0.00752166167683967	0.0891138662368212
A[T>G]A	0.00038145702161574536	3.441529139763588e-05	0.00047218869396260744	0.0009483357150247685	0.002566185225390234	0.0026775143102905474	0.00560025867543203	0.002456580902507781	0.005413262421101308	0.004743433448533949
A[T>G]C	0.00021628090008437794	0.00018669702102556586	0.00015581905287575637	0.0013112862861451191	0.003083286330554813	0.0023899383219583114	0.0025738291957135575	0.0009696107400290543	0.0008691823273140642	0.001720991505024898
A[T>G]G	0.00022966663419317967	0.00023855829290546636	0.00044152267465420893	0.0011649493512050314	0.0043771311827325125	0.004992770366311561	0.008253892240010713	0.0036062966862262158	0.006375603572506776	0.005772737518418154
A[T>G]T	4.4268395635160826e-05	1.2558263799409275e-05	2.969203516840935e-05	0.0013379442783337935	0.001219616204321028	0.002125799916235174	0.0022534964388484014	0.0009047711555628206	0.004780342675259988	0.00713647462735139
C[C>A]A	0.0015802555910230409	0.0019141907875146558	0.04217898278085158	0.0009849080892130502	0.004763613532543331	0.013589977140827613	0.013873098566885176	0.03612296546092239	0.004450608816857198	0.000562215888486719
C[C>A]C	3.284572400730214e-08	2.380923048635353e-05	0.07593719586686348	0.0001325152992028933	8.192270988473638e-05	0.0034226156863114456	0.0013538656422847012	0.0015108619359644848	0.0013049410964184043	0.0003672126819026707
C[C>A]G	0.00026706744699410477	0.0004047491285118365	0.06062948161736131	0.0006325799907443752	0.002014625261456047	0.007729344690725384	0.004739945144675062	0.008265389604965777	0.003765671407250579	0.0001413133221666385
C[C>A]T	0.00017729024940129178	7.291159241930245e-05	0.057569258025450834	0.0006811304478918956	0.0019950225136402366	0.004909188205571127	0.006407714578608079	0.0015495321566794474	0.012389666777501702	0.0010618440790270255
C[C>G]A	0.0006000586539843792	0.017463333566183223	0.006892304687503526	0.0008332355098114164	0.0028854052669933595	0.003242704601595534	0.0025347916261424077	0.025705744993890677	0.0007547983083424725	0.0017996307168583314
C[C>G]C	7.444657454359849e-05	0.0003057658649871797	0.012787056541255878	0.00019217073517296512	0.0019365301703217596	0.003967071460101437	0.0029402489985129064	0.01527354948489716	0.0011064012956100554	0.0004030877412091627
C[C>G]G	0.00027398284797072845	0.0015024478240729877	0.013477880959361812	0.003571034353406475	0.003200856612378686	0.0034917766963233725	0.008416262326159512	0.013205411974978855	0.0010725507242224808	3.7422252935357394e-05
C[C>G]T	0.00047703003541755607	0.0015431299948028255	0.0043362960931955285	0.0002569644196721299	0.0021107789929480703	0.005155094230488544	0.007935516012330623	0.03300116890427489	0.0012108558641219247	0.004237040064798521
C[C>T]A	0.0811524509266019	0.009899212954906745	0.002881374483113177	0.06392656363925198	0.06807316067263884	0.01247229150663119	0.014756700323203193	0.019225748141836904	0.02529890715273943	0.012565559159265832
C[C>T]C	0.007486985290712009	0.003745043722738046	0.0055233864579349755	0.11106921461414458	0.054824582056394316	0.01194921041375976	0.023951377958292143	0.011696314671931378	0.05378222945244488	0.011161745885696914
C[C>T]G	0.016090538022142484	0.008192171778848642	0.001541363118091965	0.26553185015916825	0.040007536051950864	0.009580483709193004	0.02078785789200275	0.017230916597960947	0.014109790086906923	0.01877270020623857
C[C>T]T	0.006128340654276461	0.002132942287921651	0.005416776175499811	0.09639696926428769	0.08234313416469377	0.019192275645327755	0.027997272314387374	0.02000050349102821	0.02617174538965628	0.015229380437931468
C[T>A]A	6.833845880175993e-05	1.3739561616432638e-07	0.009091695919424865	0.0004258146223897974	0.0008451811544176379	0.007262475387536042	0.0027976463712809617	0.001393806443837633	0.001354176648912926	0.005341007521619759
C[T>A]C	4.0556078902733715e-05	0.00017452264251438976	0.009613346005923234	0.00015602601743538002	0.0014952996828386808	0.016111127210425947	0.007411492983738128	0.007550382656189072	0.0031704345724708105	0.01784590682528183
C[T>A]G	4.274261009129532e-08	4.3860418030290244e-05	0.0365142523287976	0.00019813879376030742	0.00018876877268219516	0.029876369645223805	0.004919293923198325	0.004955527701518747	0.0027230149255285598	0.01007020938521677
C[T>A]T	7.458179221844218e-05	0.0002549157018772519	0.008845730336356042	0.000714676694340639	0.0014331261342934453	0.014013924342630163	0.007837853437958349	0.0015287723770553896	0.0032974813342548258	0.024503175899061206
C[T>C]A	0.00018190502052025436	9.82799413122848e-07	0.004683919564845382	0.0002353557110090776	0.0030963007991990565	0.013393510099390937	0.008237685192708568	0.006487733344150648	0.012735801020975117	0.003166528364340593
C[T>C]C	2.2071145162563254e-05	0.0010119087258627247	0.001990028625808691	0.0017252326225983695	0.008101428749951758	0.010160450690362666	0.008256894045512126	0.004342722402410443	0.02886655060026783	0.006672475309301262
C[T>C]G	1.1411769435190066e-05	4.753940613666518e-08	0.016087230499658888	0.0023648812805983255	0.004604899980733705	0.00738683723271322	0.011472419806825087	0.003185684510650191	0.03503670245693684	0.007145561532493048
C[T>C]T	6.234226225595662e-05	0.0010828373784917745	0.004247999060324437	0.0005605305567814866	0.007169300796849711	0.010963973510633877	0.01457151156055204	0.007891474900351908	0.014222292721475469	0.048572456366091504
C[T>G]A	4.798994556335146e-05	4.8161110805011734e-05	0.0014568254946954085	0.0015210382487280327	0.0016762520073131525	0.003701756033943937	0.0038515444501125273	0.0019436082045375968	0.0016995385478678316	0.0026924406640716114
C[T>G]C	7.569165995583659e-05	4.0080074594168735e-05	0.0034424289061234957	0.0012342193747615228	0.0017845279391302427	0.005464605958725315	0.0038218081453725715	0.003085483989839588	0.0037304015834435235	0.0011651662547694749
C[T>G]G	0.00010588132989923338	0.00017575196191778276	0.004577798858164215	0.0010822991338624633	0.003955699561593065	0.006942001083070295	0.006045337868041827	0.00511507360478845	0.007460577972249211	0.005280180535520458
C[T>G]T	6.573774475519656e-05	0.0001656021389747764	0.00047969995612419326	0.0034393856800141974	0.004900202428477201	0.0047724581979963435	0.00774040439024077	0.005037290554028715	0.004651726287359565	0.0025311188745358493
G[C>A]A	0.008954624344283957	0.0034051500801464147	0.029079436189581996	0.006049637926367666	0.01244685101529143	0.021640919746924395	0.03686165829305555	0.029011809788186724	0.006565519892619427	0.004081613251586118
G[C>A]C	0.00018354833849386408	0.0004525506803463537	0.029063581940830543	0.0016743383645612207	0.005667790532641561	0.01563554775634145	0.02469517303766054	0.018187980614717995	0.004735876369259131	0.008768264201943907
G[C>A]G	8.233427278651603e-05	0.0011942852518753	0.06459323470642175	5.256853147958651e-05	0.0021990881592392954	0.003950051779252277	0.007395102604556598	0.005761696600318373	0.00255897816702543	0.001962082166266441
G[C>A]T	0.0020367331697869417	0.00023043778429837402	0.020696582350865356	0.003214239718432168	0.00590468987834214	0.014237834571788425	0.019447449071039954	0.01603506656766285	0.0036671282995655472	0.008502137613565991
G[C>G]A	0.001464678831104038	0.035005278426507545	0.00500987301467461	0.0002402618472344642	0.006507730921550667	0.005902304294397282	0.002537418671920193	0.0324562308902469	0.0026281216411059914	0.002475035119600272
G[C>G]C	0.00010239239977742898	0.0004951558660788891	0.009307027130394658	0.0013033589225827313	0.004042263230350045	0.007852853630397475	0.0030926934494789294	0.009459612628045021	0.0029253342845106545	0.0054585781699570644
G[C>G]G	0.00010456242353956924	0.0002413476015831506	0.01373581346807569	3.0729634920660945e-05	0.0010859937407695242	0.003938605279670711	0.0038021566780478723	0.01368587561494209	0.0013953592668327986	0.0014213620665867665
G[C>G]T	0.0002580238570755	0.0016085057654277079	0.005288346772868522	0.0016640977591710281	0.004124045977976607	0.006123543496711363	0.008949800044561015	0.01617190249189548	0.0025057650025013343	0.002699898037085973
G[C>T]A	0.06622268241337224	0.005597508357514262	0.008483827646559803	0.013983897789042885	0.02249035430569279	0.04718463515832525	0.016508008072422628	0.011992097604224627	0.019088261363576754	0.02182585525105651
G[C>T]C	0.0019720107461709355	0.0012634919721917727	0.0068398955043294804	0.011170102916480858	0.017717148562726395	0.022135711045427796	0.010549811910776127	0.00822432126860008	0.09961267787730321	0.003865419566026844
G[C>T]G	0.006926865379376752	0.003711732402911211	0.00810107798781246	0.10330958453922676	0.07045470277429558	0.01494546775604249	0.008070208543213084	0.016809844848176003	0.05183799866613526	0.002848738661965289
G[C>T]T	0.0015249079157260326	0.0009909933895443147	0.007311944151950911	0.007248229785633953	0.014522505682140974	0.019978411753254478	0.009409118708986171	0.011613186764804708	0.046893303655087946	0.026787568115869364
G[T>A]A	6.350498169897634e-05	9.885292630016806e-05	0.0036579579704411457	0.0002460611155890291	0.002112058385403017	0.009719316653483119	0.008617753040897468	0.003984369889923158	0.004730214280767911	0.0070334872677060645
G[T>A]C	0.00021805234263766238	0.0007672805238069458	0.0034950747423755503	0.0014387354037822175	0.0015794501643259197	0.009791595357453246	0.003957428303169763	0.005966585796342372	0.001883761967274964	0.004417804374443221
G[T>A]G	3.436221492222557e-05	0.0009156654364679273	0.010096467877155534	5.48606162242038e-05	0.0026945881931908387	0.011616574685876345	0.008668982318418585	0.007258654480886548	0.004378681254937185	0.008360322385833285
G[T>A]T	0.00030317228576693734	0.00019735178008389197	0.0015601248289715385	0.0019496007722327668	0.006114205035775538	0.008530922481344022	0.006911573667254061	0.003825575092168947	0.005114194095501717	0.007400533294012916
G[T>C]A	0.00040140511990152563	0.0004998148036475669	0.002809384445290561	0.007984798624956681	0.004101180064604364	0.006253200362896223	0.014307814991866508	0.0060159286901524	0.009051848493562033	0.005764378620118222
G[T>C]C	0.0001236643359561703	0.0005669959670147626	0.00012069223046410116	0.0068987003281534955	0.0092709059143273	0.0044806995966724375	0.0104775188459314	0.0017011564734079343	0.018892926593630364	0.005293874936252436
G[T>C]G	0.0001973655704932753	5.5939187359399514e-05	0.005045131072631648	0.003424704805490819	0.010185810940236451	0.012311259862191832	0.009977483841927324	0.006370436385875564	0.015562352835847549	0.0017111303188062266
G[T>C]T	0.0002888246133068151	0.002146061699609447	0.0009551330174851546	0.003312630874686988	0.008494322644914974	0.00772044325608757	0.010479070311018947	0.0020657147214660655	0.013523248346394609	0.014609967422057366
G[T>G]A	7.495122280052336e-06	1.014722375458632e-08	0.00036131820443301876	0.0006809936700452112	0.0016941171274506672	0.0032334794746200404	0.0036011709593821275	0.0032420892273223954	0.003421732780385014	0.003862182791637565
G[T>G]C	0.00038423776337360494	9.395193666645892e-05	0.00013013828508313453	0.0011798029786611493	0.0022911915413619966	0.0018904259950665292	0.0027571746493277515	0.0014861382337785756	0.001360486579183835	0.001737671597766024
G[T>G]G	0.0001967667943564777	0.000191017040301945	0.0023527240690775384	0.000656632613239907	0.002575975963163515	0.0023510982211537622	0.002516564535391268	0.005097000445071842	0.0026120399215601962	0.00032285279096953444
G[T>G]T	4.383779173518629e-05	3.163573050180446e-05	0.00016715625311292115	0.0008627483984609441	0.0021055463560298903	0.0020398208798372507	0.002794993135939521	0.0007799862575410543	0.0026488021116674787	0.004068655659187357
T[C>A]A	0.010302263180278715	0.023438650411553685	0.028497475464828313	0.007299473733252171	0.015179551957884563	0.015754952705770417	0.026044885553092173	0.020447124037891628	0.012878877976600051	0.007696265756967477
T[C>A]C	0.005691304335650254	0.0077500544011127204	0.02959925750274874	0.009483809358289363	0.016686888086270245	0.013938909054598981	0.036625751035753634	0.04180930887034265	0.0019271221038206932	0.004200786037163198
T[C>A]G	0.0017747911070177126	0.0036548483688578414	0.04566818500991815	0.0012151708012767416	0.006681871556969057	0.011013669666667739	0.018014897758253115	0.024218544735263095	0.00350834857723612	0.00213580151634119
T[C>A]T	0.003074700811812363	0.007310505801940508	0.03002667169036158	0.0037427109238281275	0.009904744404484517	0.016986729228083225	0.034602441550072124	0.020582128232548486	0.004838566693213126	0.010767495260860755
T[C>G]A	0.004881111345078375	0.30108481004834176	0.001423144351453516	1.1884966156028298e-05	0.004358653206394578	0.0008654563762225154	3.0154929314500922e-05	0.0036541223462097606	0.00024117020322087513	0.00021176852158346206
T[C>G]C	0.00475222579969703	0.04574349311714286	0.005388381824065931	0.0005956786388396652	0.008139710113159282	0.004225126551575613	0.0050859002526556195	0.02982302793198299	0.0008733033183102634	0.00021050384899780285
T[C>G]G	0.0011669358057059753	0.017467642148226332	0.004305070923839693	7.1039464003064265e-06	0.0036959708511427537	0.0032450274905545485	0.0038779894020395033	0.041119423225447	0.0007776445972447021	0.0005256692981846749
T[C>G]T	0.003923958426806851	0.14653972083568306	0.0004989349265181886	0.0008195854111635015	0.03708721561696592	0.00887489894560375	0.009076596342949089	0.02853445434780426	0.006571421508553499	0.0105354967822511
T[C>T]A	0.3833872514218092	0.10581518359764004	0.0007236260913597887	0.0016080600604576035	0.012536819654125253	0.0032814273313510967	0.0026456927830312794	0.006545357338539262	0.00019269254164385073	0.000377185384181023
T[C>T]C	0.06862285355105996	0.006749114700699537	0.010372401068452745	0.017747567697078925	0.030094659582246094	0.02887665123453189	0.016314025012543424	0.013917791921412572	0.01978849952256659	0.036452357587135116
T[C>T]G	0.062388929014996396	0.0278573153790785	0.0020492298919545502	0.05179916364886452	0.06835473763734186	0.017217216211574852	0.04528976355912164	0.012405327461323086	0.0096284054347234	0.011075517178256859
T[C>T]T	0.11264618806023463	0.014111070384040893	0.007894104548002448	0.008633220581502909	0.02058336817310196	0.01655733427443124	0.010033622668162252	0.009701840997356824	0.03293790315119281	0.0050700012903007515
T[T>A]A	0.00011338035310661354	0.00023403055308548914	0.0039039685019821493	0.0005354870546072732	0.0020270067894182374	0.007434103239593242	0.002246356530546336	0.0031622557250346617	0.0014425472724465748	0.0069085810312401194
T[T>A]C	3.1518218929349474e-05	0.00020785253292082473	0.004376057937208771	0.0013672659239868422	0.001287020075359635	0.0071406958585048756	0.005488972808920636	0.007407802383800117	0.0009410204908533615	0.007391454944038855
T[T>A]G	0.00020823404294770142	0.00012007288464651822	0.00642897094998375	0.001144075010078172	0.0005367268222505572	0.008304877337139659	0.003192966721653505	0.0017125352902701253	0.0024348560153688937	0.0032315668344210734
T[T>A]T	0.00028738912470451796	0.00010239582968679884	0.0033817890646491867	8.49782938627186e-05	0.001332354114494052	0.009134719544431817	0.004578489233177549	0.0014630878944089432	0.0016529997349362447	0.01749058464792114
T[T>C]A	1.0333845992249735e-08	6.202161705516573e-05	0.0040839726531936545	0.0011040438911339833	0.0018422213358743277	0.011024577015936359	0.004222177819456476	0.0032731945149652077	0.011220106148384304	0.002709180692870419
T[T>C]C	1.557021052523311e-05	0.00033012327037737596	0.0040765023559265505	0.0027138885102242936	0.007075283406916242	0.008873041408280215	0.0066272089426971095	0.003294964558989477	0.02449380196027505	0.002856059678189027
T[T>C]G	0.00022497908543313904	1.700781258001882e-05	0.00427405530410283	0.00069906247393142	0.0057233956878226045	0.005009860275880414	0.00506913720106084	0.011899904005904958	0.008718265553351116	0.003084302545948817
T[T>C]T	0.00016006329837841448	0.00037145469220305926	0.0009726267873242022	0.0005403760936511759	0.0027511042923686804	0.013082989912599884	0.021041179723553113	0.0033901782148091897	0.007898241758154541	0.06091609415868675
T[T>G]A	1.1104417856344639e-08	8.796668128581644e-06	0.0008573328340737874	0.00016707930162704443	0.000741346197133268	0.0014765277194337045	0.0019210148162863306	0.001937943675379401	0.0006758329865054691	0.005721900813239955
T[T>G]C	0.0003918791433528668	0.00024003837690742103	0.0001930616061116197	0.0005685921084480227	0.0025378654213947982	0.0017554610446920548	0.006831836000310716	0.0006743751200852443	0.0018526267533600204	0.004501291397797473
T[T>G]G	3.9385503572688665e-05	1.742843156785412e-05	0.0010979037216020514	0.0003416561942317742	0.0010504778086095712	0.0028724957049522004	0.0053589097676363905	0.008386557559830053	0.0014545436736393392	0.0008228976161350943
T[T>G]T	9.107358326046366e-05	5.8446001203418254e-05	0.0003209153901046591	0.0007712205598120594	0.0023650330594633573	0.003937815028741767	0.006978836757348716	0.003404126490205499	0.0013418437339134926	0.005115643358729933
