Samples	SBS96A	SBS96B	SBS96C	SBS96D	SBS96E	SBS96F	SBS96G	SBS96H	SBS96I
TCGA-4P-AA8J	17	35	10	10	0	9	0	2	61
TCGA-BA-4074	13	9	5	23	53	0	0	16	35
TCGA-BA-4075	15	1	1	18	0	21	29	0	37
TCGA-BA-4076	9	23	197	0	8	11	89	42	22
TCGA-BA-4077	103	125	5	0	25	11	39	15	1
TCGA-BA-4078	38	22	260	4	2	92	33	94	13
TCGA-BA-5149	0	26	16	18	34	0	3	0	32
TCGA-BA-5151	10	0	4	21	42	0	9	8	0
TCGA-BA-5152	239	281	0	3	32	0	16	0	0
TCGA-BA-5153	4	1	3	14	0	0	0	5	15
TCGA-BA-5555	0	5	47	2	44	0	0	31	26
TCGA-BA-5556	4	14	1	16	0	50	0	36	17
TCGA-BA-5557	6	3	1	6	14	0	0	0	0
TCGA-BA-5558	90	48	5	16	10	0	4	10	0
TCGA-BA-5559	8	2	3	15	29	1	9	0	1
TCGA-BA-6868	26	41	10	8	0	13	30	0	43
TCGA-BA-6869	34	38	263	17	36	3	107	0	59
TCGA-BA-6870	18	4	13	0	6	5	3	0	37
TCGA-BA-6871	23	40	8	0	67	0	5	0	13
TCGA-BA-6872	23	18	0	0	60	21	0	20	29
TCGA-BA-6873	7	8	3	30	0	6	0	6	8
TCGA-BA-7269	4	10	6	19	0	38	10	2	7
TCGA-BA-A4IF	9	12	18	15	29	0	0	12	5
TCGA-BA-A4IG	26	25	4	4	4	0	15	9	44
TCGA-BA-A4IH	4	1	4	11	3	8	16	0	1
TCGA-BA-A4II	13	8	18	24	0	0	12	0	26
TCGA-BA-A6D8	0	11	16	32	0	34	14	1	25
TCGA-BA-A6DA	19	40	346	19	17	166	171	3	26
TCGA-BA-A6DB	2	0	3	6	0	0	0	0	0
TCGA-BA-A6DD	2	0	4	16	7	14	0	0	8
TCGA-BA-A6DE	27	17	13	16	0	37	8	0	21
TCGA-BA-A6DG	0	0	3	9	0	0	0	0	9
TCGA-BA-A6DI	13	7	32	8	0	6	0	33	9
TCGA-BA-A6DJ	57	75	0	68	15	0	52	12	5
TCGA-BA-A6DL	10	5	7	0	46	10	14	0	0
TCGA-BA-A8YP	24	26	10	22	0	40	11	35	13
TCGA-BB-4217	2	0	0	1	4	0	1	0	11
TCGA-BB-4223	19	33	0	5	21	0	0	10	0
TCGA-BB-4224	21	27	9	30	0	0	0	0	6
TCGA-BB-4225	24	0	0	19	27	0	0	3	0
TCGA-BB-4227	63	183	0	11	0	13	7	18	1
TCGA-BB-4228	6	6	1	15	1	18	0	0	0
TCGA-BB-7870	3	9	117	16	0	94	39	27	20
TCGA-BB-8596	3	32	4	12	0	0	11	25	6
TCGA-BB-8601	5	2	12	13	0	0	2	15	23
TCGA-BB-A5HU	78	99	0	5	0	0	1	30	0
TCGA-BB-A5HY	47	45	15	0	68	0	42	0	22
TCGA-BB-A5HZ	11	0	0	9	0	45	0	15	0
TCGA-BB-A6UM	6	0	0	45	1	0	14	15	0
TCGA-BB-A6UO	14	0	8	8	44	0	0	0	44
TCGA-C9-A47Z	10	2	24	51	0	12	19	0	3
TCGA-C9-A480	10	2	1	24	0	14	0	9	0
TCGA-CN-4725	2	0	6	25	23	1	1	0	1
TCGA-CN-4726	7	5	9	24	1	0	21	16	0
TCGA-CN-4727	22	10	210	18	43	21	108	54	0
TCGA-CN-4728	15	14	6	6	10	10	7	8	7
TCGA-CN-4729	18	20	17	12	47	17	0	0	15
TCGA-CN-4730	25	56	13	17	19	0	10	14	37
TCGA-CN-4731	16	16	9	31	0	23	6	11	19
TCGA-CN-4733	1	0	0	11	0	0	0	0	0
TCGA-CN-4734	27	47	16	32	45	5	0	5	2
TCGA-CN-4735	58	14	17	13	0	0	25	40	2
TCGA-CN-4736	6	0	8	18	10	30	0	18	6
TCGA-CN-4737	2	1	4	15	0	7	0	21	0
TCGA-CN-4738	17	2	27	7	25	0	0	0	6
TCGA-CN-4739	8	7	103	18	31	0	22	19	28
TCGA-CN-4740	28	21	0	0	42	36	2	2	2
TCGA-CN-4741	24	7	17	33	0	0	11	7	17
TCGA-CN-4742	7	1	0	20	0	32	4	0	9
TCGA-CN-5355	1	4	28	20	0	26	14	1	21
TCGA-CN-5356	10	31	129	35	0	26	24	97	45
TCGA-CN-5358	0	1	0	0	3	8	0	0	4
TCGA-CN-5359	10	6	23	20	0	21	10	13	14
TCGA-CN-5360	29	12	295	17	0	114	42	54	16
TCGA-CN-5361	27	16	21	23	0	0	13	0	28
TCGA-CN-5363	14	18	68	0	24	37	0	28	18
TCGA-CN-5364	24	14	8	1	14	39	0	9	30
TCGA-CN-5365	15	1	0	0	0	39	16	2	0
TCGA-CN-5366	16	12	0	19	4	14	0	13	22
TCGA-CN-5367	1	6	0	11	0	16	8	27	20
TCGA-CN-5369	31	71	9	52	15	0	0	124	0
TCGA-CN-5370	18	21	9	34	0	0	4	0	13
TCGA-CN-5373	26	1	7	31	4	0	14	50	29
TCGA-CN-5374	60	32	1	15	61	0	0	0	0
TCGA-CN-6010	0	6	18	26	0	0	48	5	15
TCGA-CN-6011	151	170	9	17	0	0	5	17	30
TCGA-CN-6012	10	16	9	0	20	45	0	5	3
TCGA-CN-6013	107	32	3	39	0	4	4	0	7
TCGA-CN-6016	12	25	0	12	22	0	0	29	23
TCGA-CN-6018	23	17	4	37	6	4	1	2	12
TCGA-CN-6019	14	0	13	7	3	80	0	6	11
TCGA-CN-6020	18	11	17	27	17	10	0	4	17
TCGA-CN-6021	24	18	120	15	0	98	13	3	27
TCGA-CN-6022	18	12	15	14	4	0	6	9	4
TCGA-CN-6023	22	13	4	11	0	0	35	1	19
TCGA-CN-6024	15	2	28	21	0	37	2	38	45
TCGA-CN-6988	4	7	59	20	0	49	0	37	2
TCGA-CN-6989	28	7	14	15	0	0	0	17	33
TCGA-CN-6992	19	19	149	71	89	0	30	12	0
TCGA-CN-6994	17	22	12	3	38	0	20	13	0
TCGA-CN-6995	20	6	67	22	0	13	60	33	26
TCGA-CN-6996	12	7	0	12	0	8	3	10	0
TCGA-CN-6997	19	22	21	14	0	0	8	36	34
TCGA-CN-6998	15	23	1	43	0	0	0	6	10
TCGA-CN-A497	18	7	183	0	0	0	136	32	26
TCGA-CN-A498	29	19	5	3	39	0	20	0	12
TCGA-CN-A499	2	0	0	15	10	0	0	6	0
TCGA-CN-A49A	27	25	0	19	0	29	34	0	2
TCGA-CN-A49B	13	12	0	1	74	0	0	0	12
TCGA-CN-A49C	9	6	0	28	0	7	0	0	2
TCGA-CN-A63T	16	11	104	25	0	49	39	23	21
TCGA-CN-A63U	15	5	253	0	82	45	130	37	53
TCGA-CN-A63V	4	1	3	44	0	35	0	3	0
TCGA-CN-A63W	3	47	205	31	0	48	57	55	12
TCGA-CN-A641	25	0	105	11	16	35	45	9	0
TCGA-CN-A642	17	13	2	40	0	3	0	3	5
TCGA-CN-A6UY	3	0	2	3	29	0	3	6	0
TCGA-CN-A6V1	53	23	0	0	26	0	0	2	4
TCGA-CN-A6V3	16	13	116	28	0	39	19	0	34
TCGA-CN-A6V6	18	0	0	23	17	0	24	0	0
TCGA-CN-A6V7	14	7	0	24	0	0	10	3	0
TCGA-CQ-5323	6	0	4	19	15	4	2	0	3
TCGA-CQ-5324	10	3	0	22	23	0	2	12	0
TCGA-CQ-5325	4	1	0	0	0	19	0	12	9
TCGA-CQ-5326	62	100	8	26	19	0	0	15	20
TCGA-CQ-5327	103	78	0	34	39	0	0	4	0
TCGA-CQ-5329	1	0	0	8	11	8	0	3	0
TCGA-CQ-5330	7	0	2	23	0	0	0	17	13
TCGA-CQ-5331	47	68	6	6	23	5	0	1	0
TCGA-CQ-5332	17	8	8	38	0	31	23	26	4
TCGA-CQ-5333	66	48	15	43	0	18	26	0	5
TCGA-CQ-5334	31	54	1	42	6	45	0	3	5
TCGA-CQ-6218	31	30	13	35	0	14	1	2	24
TCGA-CQ-6219	6	12	0	13	0	0	5	5	14
TCGA-CQ-6220	13	33	8	25	18	0	0	11	10
TCGA-CQ-6221	17	47	0	7	0	0	43	0	7
TCGA-CQ-6222	2	0	5	12	25	1	0	0	1
TCGA-CQ-6223	0	0	13	10	60	0	0	13	0
TCGA-CQ-6224	4	0	0	15	39	0	0	0	0
TCGA-CQ-6225	5	19	13	21	8	38	8	2	32
TCGA-CQ-6227	2	7	2	19	0	0	11	6	0
TCGA-CQ-6228	1	3	6	0	56	5	0	22	13
TCGA-CQ-6229	1	0	4	9	15	0	0	0	0
TCGA-CQ-7063	19	39	0	0	84	0	0	0	0
TCGA-CQ-7065	4	0	0	2	24	0	0	3	0
TCGA-CQ-7068	24	18	5	22	25	0	1	22	0
TCGA-CQ-7069	19	57	0	3	0	14	0	10	0
TCGA-CQ-7071	167	254	24	0	83	0	0	0	0
TCGA-CQ-7072	5	2	18	2	11	24	0	38	24
TCGA-CQ-A4C6	21	33	0	17	0	33	0	18	4
TCGA-CQ-A4C7	11	0	1	8	0	9	0	8	10
TCGA-CQ-A4C9	10	5	3	9	54	0	5	0	5
TCGA-CQ-A4CB	11	7	0	0	52	0	0	14	9
TCGA-CQ-A4CD	20	76	13	25	26	0	0	0	6
TCGA-CQ-A4CE	4	2	0	12	21	19	0	7	0
TCGA-CQ-A4CG	8	2	12	24	0	39	0	7	0
TCGA-CQ-A4CH	0	0	0	0	0	0	0	4	2
TCGA-CQ-A4CI	5	6	12	32	24	0	33	8	0
TCGA-CR-5243	5	12	0	16	7	25	0	2	0
TCGA-CR-5247	4	1	4	18	7	8	11	0	22
TCGA-CR-5248	111	91	0	0	137	0	0	0	0
TCGA-CR-5249	4	3	0	12	0	0	9	1	4
TCGA-CR-5250	4	1	4	10	0	0	12	0	12
TCGA-CR-6467	3	0	0	10	31	0	0	10	0
TCGA-CR-6470	4	0	0	9	23	0	0	0	0
TCGA-CR-6471	10	0	11	30	40	3	17	17	20
TCGA-CR-6472	195	273	13	0	14	0	46	0	0
TCGA-CR-6473	22	14	2	22	38	0	0	2	3
TCGA-CR-6474	8	16	7	0	30	0	27	3	11
TCGA-CR-6477	10	2	5	0	38	0	0	2	21
TCGA-CR-6478	47	1	0	0	25	0	1	42	12
TCGA-CR-6480	69	28	4	10	13	0	0	0	1
TCGA-CR-6481	320	180	0	20	0	0	17	0	0
TCGA-CR-6482	5	6	2	8	9	2	0	11	0
TCGA-CR-6484	75	140	0	20	0	16	13	1	4
TCGA-CR-6487	35	32	0	36	18	13	0	8	0
TCGA-CR-6488	3	0	3	12	0	10	0	6	0
TCGA-CR-6491	9	1	7	15	22	6	9	15	44
TCGA-CR-6492	10	3	0	6	1	5	0	2	11
TCGA-CR-6493	3	2	1	8	1	11	10	0	0
TCGA-CR-7364	23	21	231	46	0	26	52	62	66
TCGA-CR-7365	45	75	11	0	49	0	12	2	5
TCGA-CR-7367	17	7	26	34	0	42	3	33	16
TCGA-CR-7368	59	66	7	19	9	0	0	23	26
TCGA-CR-7369	10	0	18	2	38	0	0	0	14
TCGA-CR-7370	48	50	315	43	0	112	0	34	13
TCGA-CR-7371	29	75	102	6	60	0	0	22	13
TCGA-CR-7372	1	0	5	23	0	21	0	0	0
TCGA-CR-7373	22	36	3	15	49	0	0	0	0
TCGA-CR-7374	48	61	131	20	0	39	7	38	18
TCGA-CR-7376	1	10	0	11	12	0	0	2	1
TCGA-CR-7377	17	3	1	18	29	0	0	22	28
TCGA-CR-7379	16	4	12	39	51	0	9	21	0
TCGA-CR-7380	9	1	5	54	6	19	0	0	1
TCGA-CR-7382	11	13	0	26	5	8	1	0	7
TCGA-CR-7383	6	0	17	11	58	18	0	6	17
TCGA-CR-7385	6	7	1	0	19	0	0	8	0
TCGA-CR-7386	63	79	0	6	30	10	0	0	0
TCGA-CR-7388	82	142	236	1	93	25	120	0	0
TCGA-CR-7389	0	0	0	17	0	0	19	30	22
TCGA-CR-7390	19	24	0	10	40	34	14	0	13
TCGA-CR-7391	0	1	0	1	0	0	0	0	0
TCGA-CR-7392	2	0	0	1	2	0	0	2	0
TCGA-CR-7394	41	7	0	13	57	0	0	0	7
TCGA-CR-7395	78	20	0	15	0	0	0	30	5
TCGA-CR-7397	5	1	0	2	24	0	0	0	0
TCGA-CR-7398	41	25	190	41	0	33	48	0	23
TCGA-CR-7399	32	25	109	29	0	111	0	0	12
TCGA-CR-7401	5	5	0	24	34	12	0	16	3
TCGA-CR-7404	47	30	0	16	19	0	0	0	3
TCGA-CV-5430	34	33	0	5	26	11	21	9	17
TCGA-CV-5432	8	15	132	12	42	0	54	38	16
TCGA-CV-5434	12	4	37	33	42	5	0	2	19
TCGA-CV-5435	14	1	8	3	26	0	36	23	17
TCGA-CV-5436	18	11	2	5	21	0	0	24	30
TCGA-CV-5439	8	1	45	0	0	14	1	37	14
TCGA-CV-5440	18	34	5	10	0	37	8	0	14
TCGA-CV-5441	18	5	236	35	36	8	64	30	9
TCGA-CV-5442	144	83	6	61	0	0	0	0	0
TCGA-CV-5443	8	0	9	20	0	15	2	3	0
TCGA-CV-5444	34	41	9	21	0	0	0	12	13
TCGA-CV-5966	17	10	0	6	29	16	0	30	20
TCGA-CV-5970	51	45	11	102	0	0	0	0	0
TCGA-CV-5971	2	0	0	6	0	0	0	1	0
TCGA-CV-5973	5	2	0	32	0	22	0	0	2
TCGA-CV-5976	17	8	6	19	0	0	2	15	18
TCGA-CV-5977	8	19	8	22	28	0	0	13	0
TCGA-CV-5978	12	2	54	10	28	20	39	0	20
TCGA-CV-5979	0	2	3	14	0	6	0	1	4
TCGA-CV-6003	19	5	7	28	37	0	0	0	0
TCGA-CV-6433	5	0	0	16	0	0	12	7	8
TCGA-CV-6436	12	5	5	28	21	10	0	6	2
TCGA-CV-6441	44	85	24	0	80	0	8	12	8
TCGA-CV-6933	12	8	10	1	44	0	0	6	40
TCGA-CV-6934	1	6	2	15	6	41	5	7	15
TCGA-CV-6935	32	27	103	12	4	0	47	18	6
TCGA-CV-6936	102	80	26	37	0	1	0	25	15
TCGA-CV-6937	24	6	0	20	0	19	37	15	11
TCGA-CV-6938	10	10	0	48	6	0	35	0	17
TCGA-CV-6939	2	0	0	4	0	9	17	0	0
TCGA-CV-6940	27	32	6	0	51	0	0	31	0
TCGA-CV-6941	14	1	10	29	0	43	6	58	2
TCGA-CV-6942	61	105	27	45	24	0	2	0	0
TCGA-CV-6943	17	11	1	9	0	0	0	0	2
TCGA-CV-6945	14	13	59	35	0	2	0	20	12
TCGA-CV-6948	31	40	9	20	0	81	5	26	0
TCGA-CV-6950	4	0	16	9	14	0	0	0	18
TCGA-CV-6951	24	26	12	21	6	22	9	4	25
TCGA-CV-6952	26	32	3	26	0	0	5	17	81
TCGA-CV-6953	20	18	13	42	0	17	0	15	1
TCGA-CV-6954	13	5	12	0	58	0	2	12	16
TCGA-CV-6955	8	9	4	21	0	17	2	24	0
TCGA-CV-6956	24	16	32	16	71	24	10	0	33
TCGA-CV-6959	0	3	13	21	21	0	11	0	0
TCGA-CV-6960	8	15	78	9	30	0	41	0	16
TCGA-CV-6961	303	291	17	14	0	0	23	0	0
TCGA-CV-6962	7	0	32	22	4	16	37	23	15
TCGA-CV-7089	48	67	6	3	0	0	0	9	35
TCGA-CV-7090	10	2	4	12	16	0	6	1	0
TCGA-CV-7091	15	10	0	11	14	5	62	8	12
TCGA-CV-7095	49	78	14	71	0	2	20	27	2
TCGA-CV-7097	9	7	1	24	6	7	15	4	14
TCGA-CV-7099	105	108	7	25	34	0	0	12	8
TCGA-CV-7100	2	0	0	4	0	0	7	1	0
TCGA-CV-7101	24	5	23	3	62	33	0	25	8
TCGA-CV-7102	30	39	8	8	52	14	6	8	3
TCGA-CV-7103	3	9	2	6	0	0	4	12	10
TCGA-CV-7104	20	11	0	17	0	66	2	0	0
TCGA-CV-7177	7	20	4	3	26	30	0	3	7
TCGA-CV-7178	15	20	9	32	0	5	6	44	3
TCGA-CV-7180	6	3	5	15	0	18	0	0	12
TCGA-CV-7183	10	0	16	20	0	16	0	3	0
TCGA-CV-7235	13	23	7	19	15	9	32	0	27
TCGA-CV-7236	2	0	1	15	17	0	0	12	0
TCGA-CV-7238	5	5	2	22	0	0	0	13	0
TCGA-CV-7242	15	18	132	22	11	27	71	22	28
TCGA-CV-7243	18	4	0	35	0	0	9	8	0
TCGA-CV-7245	20	22	184	27	0	119	151	36	40
TCGA-CV-7247	10	3	2	0	24	18	4	0	0
TCGA-CV-7248	29	17	164	2	0	0	34	58	8
TCGA-CV-7250	9	8	51	48	0	48	2	28	16
TCGA-CV-7252	61	24	6	45	75	36	0	0	9
TCGA-CV-7253	6	4	29	36	11	40	38	20	6
TCGA-CV-7254	13	10	103	3	32	0	94	20	2
TCGA-CV-7255	8	3	9	18	38	0	9	21	1
TCGA-CV-7261	11	11	22	26	3	0	15	25	1
TCGA-CV-7263	13	0	0	22	4	33	0	29	26
TCGA-CV-7406	125	49	6	24	0	15	0	3	3
TCGA-CV-7407	10	3	5	4	47	0	1	16	26
TCGA-CV-7410	3	13	1	0	0	3	0	1	0
TCGA-CV-7411	21	14	9	5	0	54	0	13	5
TCGA-CV-7413	15	5	9	22	0	7	0	22	0
TCGA-CV-7414	41	78	0	9	73	0	31	0	24
TCGA-CV-7415	14	19	2	10	0	20	0	12	1
TCGA-CV-7416	16	4	0	32	0	0	21	2	0
TCGA-CV-7418	0	21	6	0	55	40	19	22	10
TCGA-CV-7421	5	9	5	0	45	0	0	0	0
TCGA-CV-7422	13	16	23	23	22	5	26	5	5
TCGA-CV-7423	6	0	1	1	50	0	7	8	0
TCGA-CV-7424	24	33	34	38	19	9	2	33	3
TCGA-CV-7425	18	8	17	31	29	1	0	12	4
TCGA-CV-7427	219	271	6	3	0	5	0	0	2
TCGA-CV-7429	8	4	7	17	0	1	19	0	1
TCGA-CV-7430	16	3	31	26	0	0	0	30	20
TCGA-CV-7432	12	2	36	3	82	23	0	16	7
TCGA-CV-7433	16	19	13	8	0	26	2	2	17
TCGA-CV-7434	0	5	24	15	45	10	4	0	8
TCGA-CV-7435	14	2	3	0	16	0	19	7	24
TCGA-CV-7437	17	12	18	26	62	0	0	0	0
TCGA-CV-7438	10	23	10	30	0	0	0	16	13
TCGA-CV-7440	16	19	89	28	0	0	28	17	26
TCGA-CV-7446	25	28	23	12	22	34	0	3	19
TCGA-CV-A45O	70	25	0	5	37	0	8	0	0
TCGA-CV-A45P	56	58	11	28	15	0	13	0	0
TCGA-CV-A45Q	69	98	9	29	94	0	21	1	3
TCGA-CV-A45R	8	0	0	43	20	0	20	1	6
TCGA-CV-A45T	0	0	0	7	0	0	0	0	2
TCGA-CV-A45U	77	33	28	21	0	19	19	8	15
TCGA-CV-A45V	20	10	6	14	50	0	0	19	0
TCGA-CV-A45W	37	20	255	16	48	57	70	34	17
TCGA-CV-A45X	5	15	7	15	0	21	7	33	12
TCGA-CV-A45Y	0	7	6	3	12	0	1	5	7
TCGA-CV-A45Z	13	37	277	1	0	238	64	9	12
TCGA-CV-A460	7	5	3	18	2	24	0	0	14
TCGA-CV-A461	41	16	299	0	71	8	162	59	32
TCGA-CV-A463	78	48	8	53	16	14	9	16	9
TCGA-CV-A464	4	0	1	1	7	7	0	5	0
TCGA-CV-A465	4	4	0	10	7	3	8	0	0
TCGA-CV-A468	24	0	0	28	64	8	0	27	7
TCGA-CV-A6JD	10	0	6	44	0	22	0	17	0
TCGA-CV-A6JE	21	39	2	5	18	4	28	4	33
TCGA-CV-A6JM	162	73	4	18	0	37	32	12	4
TCGA-CV-A6JN	8	2	12	22	8	0	0	0	37
TCGA-CV-A6JO	0	2	0	30	11	12	10	0	0
TCGA-CV-A6JT	8	2	1	23	14	0	11	0	0
TCGA-CV-A6JU	0	7	4	1	0	0	56	60	12
TCGA-CV-A6JY	8	0	10	24	6	17	0	21	0
TCGA-CV-A6JZ	10	0	14	12	7	35	0	18	11
TCGA-CV-A6K0	1	0	0	3	0	3	0	0	0
TCGA-CV-A6K1	57	30	114	132	0	0	0	200	0
TCGA-CV-A6K2	367	372	9	9	0	0	0	16	0
TCGA-CX-7082	6	11	10	11	0	2	2	23	40
TCGA-CX-7085	31	33	1	14	0	0	0	0	3
TCGA-CX-7086	34	36	18	0	74	21	10	35	23
TCGA-CX-7219	21	21	7	22	10	39	0	4	4
TCGA-CX-A4AQ	15	13	13	27	0	18	0	11	15
TCGA-D6-6515	7	0	0	10	20	0	0	0	2
TCGA-D6-6517	5	0	11	3	26	0	2	17	11
TCGA-D6-6823	6	4	11	0	29	12	8	3	39
TCGA-D6-6824	1	0	7	0	0	4	0	6	0
TCGA-D6-6825	8	4	0	17	4	35	0	8	6
TCGA-D6-6826	15	18	0	23	16	13	12	12	0
TCGA-D6-6827	0	0	0	2	2	0	1	6	1
TCGA-D6-8568	11	6	7	9	20	0	40	9	8
TCGA-D6-8569	4	0	18	8	21	21	0	40	33
TCGA-D6-A4Z9	1	5	13	11	21	14	14	2	25
TCGA-D6-A4ZB	4	42	18	6	25	0	0	12	12
TCGA-D6-A6EK	17	0	39	23	0	43	11	23	30
TCGA-D6-A6EM	11	0	7	29	0	29	0	0	24
TCGA-D6-A6EN	15	9	17	30	28	0	7	0	3
TCGA-D6-A6EO	8	0	0	0	36	17	29	7	0
TCGA-D6-A6EP	11	17	25	8	0	29	31	17	11
TCGA-D6-A6EQ	18	6	11	0	26	0	0	40	0
TCGA-D6-A6ES	42	108	11	28	0	27	0	6	13
TCGA-D6-A74Q	68	57	186	25	49	38	16	17	21
TCGA-DQ-5624	35	17	0	12	0	0	0	17	2
TCGA-DQ-5625	34	78	1	21	41	0	0	0	35
TCGA-DQ-5629	20	23	107	27	0	39	101	54	8
TCGA-DQ-5630	0	6	3	19	0	0	2	19	8
TCGA-DQ-5631	11	6	0	26	21	0	30	7	0
TCGA-DQ-7588	23	19	6	7	0	8	19	0	33
TCGA-DQ-7591	3	3	0	2	13	0	0	15	4
TCGA-DQ-7592	4	4	4	10	22	0	6	33	1
TCGA-DQ-7593	0	0	0	9	3	9	1	0	1
TCGA-DQ-7596	0	3	0	11	0	3	0	0	1
TCGA-F7-7848	17	10	161	11	0	30	96	20	25
TCGA-F7-8298	12	42	8	17	0	0	0	0	32
TCGA-F7-8489	22	20	15	18	0	10	0	6	29
TCGA-F7-A50G	7	28	0	25	52	0	0	0	0
TCGA-F7-A50I	13	6	34	17	15	3	20	29	14
TCGA-F7-A50J	30	56	9	38	15	5	9	11	2
TCGA-F7-A61S	7	7	15	43	0	0	12	24	14
TCGA-F7-A61V	20	15	13	9	0	47	0	0	10
TCGA-F7-A61W	0	5	7	5	0	0	0	11	46
TCGA-F7-A620	6	3	2	18	0	0	19	0	8
TCGA-F7-A622	0	1	0	24	0	17	4	0	17
TCGA-F7-A623	30	18	10	21	38	0	24	36	26
TCGA-H7-7774	13	2	13	36	33	0	0	35	8
TCGA-H7-8501	54	72	9	34	0	0	0	0	5
TCGA-H7-A6C4	3	0	0	20	0	8	0	0	0
TCGA-H7-A6C5	5	3	21	21	19	35	0	13	0
TCGA-H7-A76A	35	33	0	12	0	0	2	0	0
TCGA-HD-7229	11	20	18	42	0	0	57	9	4
TCGA-HD-7753	2	5	24	0	20	5	6	0	41
TCGA-HD-7754	8	0	0	16	36	9	0	0	0
TCGA-HD-7831	2	0	0	5	17	4	8	0	0
TCGA-HD-7832	23	3	0	3	29	7	0	27	24
TCGA-HD-8224	6	4	11	18	6	0	8	6	14
TCGA-HD-8314	40	11	1	7	0	0	18	0	0
TCGA-HD-8634	10	7	6	10	17	0	0	13	0
TCGA-HD-8635	34	61	24	9	49	0	39	3	17
TCGA-HD-A4C1	62	54	11	44	0	0	0	49	8
TCGA-HD-A633	38	31	10	21	0	54	0	0	0
TCGA-HD-A634	4	0	11	16	0	8	4	1	0
TCGA-HD-A6HZ	11	18	7	31	0	0	6	17	0
TCGA-HD-A6I0	15	3	4	40	2	8	11	0	1
TCGA-IQ-7630	14	19	15	89	0	0	0	0	8
TCGA-IQ-7631	2	0	0	9	24	0	0	2	0
TCGA-IQ-7632	3	0	0	2	0	19	0	9	8
TCGA-IQ-A61E	49	70	0	24	3	34	0	8	0
TCGA-IQ-A61G	9	7	19	20	35	0	14	39	6
TCGA-IQ-A61H	23	27	4	32	13	29	0	0	21
TCGA-IQ-A61I	80	25	0	7	29	0	0	6	0
TCGA-IQ-A61J	0	0	4	9	18	5	0	3	0
TCGA-IQ-A61O	5	0	2	20	0	13	0	1	0
TCGA-IQ-A6SG	4	0	31	8	36	0	0	18	18
TCGA-IQ-A6SH	12	2	0	20	13	13	0	17	9
TCGA-KU-A66S	0	56	67	22	0	0	356	0	0
TCGA-KU-A66T	12	5	6	39	0	0	34	21	0
TCGA-KU-A6H7	69	53	0	5	20	3	0	0	0
TCGA-KU-A6H8	0	0	2	4	6	0	0	0	9
TCGA-MT-A51W	9	24	7	3	0	0	0	7	19
TCGA-MT-A51X	0	3	0	17	0	13	0	24	0
TCGA-MT-A67A	6	3	0	52	15	0	28	6	6
TCGA-MT-A67D	11	0	2	24	12	24	0	16	16
TCGA-MT-A67F	173	120	0	7	0	8	0	14	0
TCGA-MT-A7BN	10	4	8	29	3	11	0	0	2
TCGA-MZ-A5BI	1	4	0	12	1	0	0	17	0
TCGA-MZ-A6I9	3	3	0	9	0	0	15	0	0
TCGA-MZ-A7D7	15	36	11	0	27	14	12	0	22
TCGA-P3-A5Q5	111	127	0	11	68	0	0	0	0
TCGA-P3-A5Q6	18	16	2	30	0	15	33	0	27
TCGA-P3-A5QA	2	0	7	47	0	13	2	0	0
TCGA-P3-A5QE	2	8	2	22	0	7	3	0	1
TCGA-P3-A5QF	222	195	0	7	0	0	12	0	0
TCGA-P3-A6SW	12	8	0	8	16	26	0	0	0
TCGA-P3-A6SX	0	30	38	13	54	12	0	5	49
TCGA-P3-A6T0	6	2	0	32	26	20	10	2	4
TCGA-P3-A6T2	22	7	9	24	0	0	13	0	2
TCGA-P3-A6T3	33	45	3	25	0	17	0	0	0
TCGA-P3-A6T4	29	53	0	1	24	4	37	0	14
TCGA-P3-A6T5	65	43	19	43	48	0	0	0	20
TCGA-P3-A6T6	39	36	19	16	4	24	8	0	8
TCGA-P3-A6T7	13	29	2	37	22	0	29	0	19
TCGA-P3-A6T8	2	0	0	10	34	11	14	7	17
TCGA-QK-A64Z	15	27	4	18	0	0	0	14	10
TCGA-QK-A652	4	1	5	12	0	0	14	8	3
TCGA-QK-A6IF	6	0	0	14	0	2	0	9	0
TCGA-QK-A6IG	28	35	10	42	0	7	6	1	2
TCGA-QK-A6IH	9	12	0	10	27	0	0	14	6
TCGA-QK-A6II	20	86	0	8	21	12	0	22	31
TCGA-QK-A6IJ	2	0	0	25	0	25	0	0	0
TCGA-QK-A6V9	14	2	0	34	16	10	0	0	6
TCGA-QK-A6VB	0	1	71	87	0	0	0	297	0
TCGA-QK-A6VC	60	45	6	3	17	0	24	0	7
TCGA-QK-A8Z7	1	6	13	21	6	53	0	36	10
TCGA-QK-A8Z8	24	9	239	33	12	69	33	0	40
TCGA-QK-A8Z9	14	16	0	12	5	42	0	19	35
TCGA-QK-A8ZA	22	14	17	14	17	33	5	0	16
TCGA-QK-A8ZB	5	23	2	5	35	19	0	22	0
TCGA-QK-AA3J	29	23	3	14	0	0	23	0	50
TCGA-QK-AA3K	7	6	9	16	0	22	0	22	22
TCGA-RS-A6TO	43	29	6	25	32	30	3	0	4
TCGA-RS-A6TP	59	55	0	18	18	0	0	0	4
TCGA-T2-A6WX	75	72	2	9	57	0	0	9	0
TCGA-T2-A6WZ	6	14	7	26	0	5	20	0	21
TCGA-T2-A6X0	8	0	1	41	1	0	6	8	0
TCGA-T2-A6X2	155	197	8	1	41	19	7	0	3
TCGA-T3-A92M	81	185	35	15	30	7	0	13	13
TCGA-T3-A92N	64	21	8	49	0	13	1	0	30
TCGA-TN-A7HI	12	0	7	28	10	0	6	0	0
TCGA-TN-A7HJ	42	25	9	15	0	10	0	0	0
TCGA-TN-A7HL	367	279	0	0	113	0	0	0	0
TCGA-UF-A718	1	0	15	13	18	0	8	0	7
TCGA-UF-A719	5	0	2	31	0	10	40	24	11
TCGA-UF-A71A	12	8	19	16	29	64	0	20	53
TCGA-UF-A71B	14	8	0	9	34	9	34	24	25
TCGA-UF-A71D	42	21	174	61	6	57	17	97	51
TCGA-UF-A71E	14	5	26	60	11	25	24	7	22
TCGA-UF-A7J9	35	59	67	33	0	47	0	5	23
TCGA-UF-A7JA	21	54	30	5	33	7	0	19	18
TCGA-UF-A7JC	8	2	11	13	4	0	0	0	22
TCGA-UF-A7JD	0	0	16	8	55	21	1	0	14
TCGA-UF-A7JF	16	11	20	10	0	2	32	2	33
TCGA-UF-A7JH	7	1	19	19	21	14	0	0	3
TCGA-UF-A7JJ	0	2	18	4	0	19	0	6	5
TCGA-UF-A7JK	8	1	26	49	0	0	15	0	31
TCGA-UF-A7JO	26	45	8	64	0	16	0	18	1
TCGA-UF-A7JS	3	12	7	22	0	0	27	4	4
TCGA-UF-A7JT	51	67	12	35	33	21	0	0	0
TCGA-UF-A7JV	35	28	0	3	0	15	0	1	5
TCGA-UP-A6WW	2	0	1	12	20	0	1	9	0
TCGA-WA-A7GZ	43	53	26	36	0	0	0	39	32
TCGA-WA-A7H4	4	15	3	11	0	0	0	9	9
