NMF_Replicate	L1	L1 %	L2	L2 %	KL Divergence	Correlation	Convergence Iterations
1	77.7	64.792	12.033	49.698	26.776	0.785	60000.0
2	77.712	64.718	12.052	49.653	16.763	0.785	30000.0
3	77.551	64.798	12.018	49.551	18.689	0.785	30000.0
4	77.545	64.695	11.997	49.515	8.668	0.784	80000.0
5	77.024	64.377	11.791	49.224	8.592	0.787	40000.0
6	76.418	64.299	11.653	48.982	8.629	0.789	30000.0
7	76.994	64.651	11.723	49.288	16.685	0.786	70000.0
8	77.737	64.805	12.04	49.634	8.59	0.785	40000.0
9	76.818	64.66	11.686	49.138	12.648	0.787	70000.0
10	77.59	64.978	12.042	49.838	14.673	0.782	60000.0
11	76.53	64.474	11.685	49.287	12.627	0.787	30000.0
12	76.407	64.206	11.62	48.833	18.708	0.79	40000.0
13	77.271	64.594	12.001	49.578	18.694	0.785	50000.0
14	76.6	64.376	11.656	48.976	6.592	0.789	50000.0
15	77.578	64.597	12.024	49.593	18.683	0.785	40000.0
16	76.638	64.373	11.701	49.159	6.615	0.788	60000.0
17	77.558	64.867	11.973	49.678	12.625	0.784	50000.0
18	76.519	64.343	11.691	49.174	22.735	0.788	50000.0
19	76.61	64.275	11.676	49.01	16.669	0.787	40000.0
20	76.829	64.693	11.746	49.205	4.569	0.786	60000.0
21	77.837	64.927	12.023	49.606	8.599	0.785	60000.0
22	76.538	64.452	11.654	49.222	14.636	0.787	30000.0
23	77.422	64.54	11.995	49.562	0.489	0.785	40000.0
24	77.596	64.759	12.055	49.722	14.633	0.783	40000.0
25	77.569	64.67	12.091	49.814	10.607	0.783	60000.0
26	76.215	64.23	11.632	49.002	12.619	0.788	50000.0
27	76.308	64.196	11.59	48.815	18.68	0.789	60000.0
28	76.701	64.7	11.7	49.198	12.643	0.788	50000.0
29	77.468	64.814	11.992	49.688	16.676	0.784	50000.0
30	76.693	64.463	11.605	48.94	12.623	0.788	40000.0
31	77.459	64.633	12.0	49.643	18.69	0.784	60000.0
32	76.336	64.206	11.663	48.873	12.65	0.79	50000.0
33	76.708	64.554	11.636	49.088	8.67	0.787	50000.0
34	76.611	64.314	11.71	49.003	6.562	0.79	50000.0
35	77.61	64.868	12.036	49.753	12.609	0.784	50000.0
36	76.866	64.608	11.742	49.242	14.647	0.786	30000.0
37	76.707	64.52	11.663	49.126	6.566	0.789	90000.0
38	76.351	64.16	11.665	49.042	4.532	0.788	70000.0
39	76.344	64.291	11.67	49.08	6.66	0.788	60000.0
40	77.345	64.568	11.98	49.584	18.717	0.784	40000.0
41	76.711	64.496	11.713	49.197	16.765	0.788	50000.0
42	77.858	65.021	12.059	49.93	8.584	0.783	70000.0
43	77.626	64.891	12.003	49.74	12.622	0.782	50000.0
44	76.825	64.713	11.649	49.211	14.664	0.787	30000.0
45	76.732	64.466	11.694	49.053	24.751	0.788	60000.0
46	77.546	64.956	11.982	49.744	18.726	0.782	40000.0
47	78.022	64.933	12.09	49.887	22.739	0.782	50000.0
48	77.803	64.734	12.077	49.753	18.712	0.783	60000.0
49	76.715	64.386	11.675	48.922	8.616	0.79	60000.0
50	77.268	64.306	12.008	49.567	14.634	0.785	60000.0
51	76.564	64.324	11.685	49.069	8.607	0.788	60000.0
52	77.495	64.623	11.978	49.441	8.565	0.786	60000.0
53	76.817	64.667	11.685	49.273	8.623	0.787	60000.0
54	77.684	64.784	12.067	49.837	20.749	0.784	100000.0
55	76.542	64.207	11.637	48.96	10.63	0.791	50000.0
56	77.63	64.848	12.029	49.777	16.684	0.782	40000.0
57	76.95	64.518	11.802	49.187	26.772	0.788	40000.0
58	77.755	64.865	12.014	49.607	10.592	0.786	80000.0
59	77.605	64.836	12.027	49.819	6.553	0.783	60000.0
60	77.41	64.527	12.005	49.607	10.605	0.785	30000.0
61	76.754	64.311	11.698	49.01	18.679	0.789	60000.0
62	76.646	64.358	11.678	49.043	6.674	0.788	50000.0
63	77.666	64.639	12.044	49.664	22.794	0.785	50000.0
64	76.558	64.363	11.736	49.324	8.698	0.787	80000.0
65	77.473	64.96	11.982	49.64	24.749	0.783	60000.0
66	76.979	64.398	11.772	49.154	6.595	0.789	60000.0
67	76.476	64.157	11.692	49.198	14.661	0.788	40000.0
68	76.592	64.284	11.69	48.987	14.667	0.789	40000.0
69	77.383	64.633	12.013	49.632	22.73	0.784	50000.0
70	77.459	64.884	11.944	49.526	8.605	0.784	50000.0
71	76.53	64.496	11.656	49.143	2.514	0.787	40000.0
72	77.641	64.588	12.044	49.649	12.677	0.785	50000.0
73	77.988	64.809	12.103	49.865	14.64	0.783	30000.0
74	76.407	64.354	11.68	49.105	12.682	0.786	40000.0
75	76.72	64.159	11.702	49.107	18.722	0.787	30000.0
76	77.557	64.581	12.019	49.563	16.706	0.785	30000.0
77	76.914	64.662	11.726	49.324	4.521	0.787	70000.0
78	77.235	64.601	11.978	49.604	8.577	0.785	40000.0
79	76.625	64.443	11.723	49.191	12.664	0.787	40000.0
80	77.374	64.632	11.987	49.456	2.507	0.786	50000.0
81	77.575	64.559	11.997	49.557	18.698	0.786	30000.0
82	76.673	64.693	11.694	49.296	10.618	0.786	60000.0
83	76.644	64.45	11.676	49.132	16.689	0.788	40000.0
84	76.8	64.471	11.734	49.211	10.613	0.786	40000.0
85	76.504	64.459	11.713	49.445	2.506	0.786	60000.0
86	77.337	64.613	11.957	49.41	12.646	0.787	40000.0
87	76.568	64.28	11.682	49.106	6.579	0.788	50000.0
88	76.763	64.381	11.684	49.028	20.708	0.789	90000.0
89	76.528	64.479	11.62	48.913	6.611	0.789	50000.0
90	76.587	64.394	11.68	49.044	2.574	0.786	80000.0
91	77.505	64.645	12.016	49.772	14.666	0.785	50000.0
92	76.518	64.298	11.677	49.075	4.543	0.789	30000.0
93	77.778	64.913	12.021	49.671	12.631	0.784	80000.0
94	77.558	64.743	12.052	49.67	18.687	0.784	40000.0
95	77.354	64.838	11.993	49.662	12.612	0.784	50000.0
96	77.467	64.698	12.004	49.6	10.594	0.784	40000.0
97	76.486	64.42	11.649	49.055	6.565	0.788	30000.0
98	77.831	65.043	12.064	49.716	18.68	0.783	40000.0
99	76.501	64.431	11.656	49.022	20.718	0.789	30000.0
100	76.766	64.286	11.742	49.169	8.599	0.788	30000.0
