MutationType	SBS1	SBS2	SBS4	SBS5	SBS13	SBS19	SBS30	SBS31	SBS87
A[C>A]A	0.00088616	0.00000058	0.04219650	0.01199760	0.00181992	0.00126938	0.00179968	0.00953498	0.00897255
A[C>A]C	0.00228041	0.00014800	0.03329724	0.00943811	0.00072097	0.00064069	0.00050591	0.01849027	0.00457257
A[C>A]G	0.00017703	0.00005230	0.01559870	0.00184963	0.00026399	0.00024588	0.00009130	0.00165913	0.00620857
A[C>A]T	0.00128023	0.00009780	0.02949755	0.00660868	0.00034798	0.00057072	0.00055590	0.00627670	0.00495747
A[C>G]A	0.00186033	0.00000000	0.00688943	0.01009798	0.00386983	0.00318845	0.00106981	0.00831563	0.00786646
A[C>G]C	0.00122022	0.00013300	0.00283976	0.00569886	0.00095096	0.00178913	0.00046692	0.00315834	0.00393398
A[C>G]G	0.00011502	0.00001520	0.00127989	0.00171966	0.00026399	0.00061570	0.00013098	0.00299842	0.03066183
A[C>G]T	0.00114020	0.00009120	0.00354970	0.01009798	0.00399982	0.00213896	0.00073087	0.00377801	0.00972035
A[C>T]A	0.02500444	0.00006110	0.00869928	0.03259348	0.00717968	0.02798637	0.10598119	0.01769069	0.00942505
A[C>T]C	0.00632112	0.00138004	0.00417965	0.01789642	0.00000000	0.01409314	0.09038396	0.00927512	0.00355558
A[C>T]G	0.36506483	0.00003270	0.00078294	0.00617876	0.00030299	0.00154925	0.01439745	0.00758601	0.12171934
A[C>T]T	0.00958170	0.00186005	0.00424965	0.02199560	0.00031799	0.03678209	0.02929480	0.01009469	0.01070194
A[T>A]A	0.00080014	0.00009590	0.00941922	0.00737852	0.00000000	0.00078562	0.00036294	0.00785587	0.00989705
A[T>A]C	0.00223040	0.00087803	0.00352971	0.00692861	0.00006520	0.00025488	0.00039293	0.00606681	0.00069453
A[T>A]G	0.00114020	0.00002550	0.01239897	0.00911818	0.00058997	0.00095154	0.00063789	0.00502736	0.00384338
A[T>A]T	0.00018303	0.00000000	0.00420965	0.00619876	0.00060597	0.00065368	0.00048991	0.00415781	0.00420618
A[T>C]A	0.00109019	0.00006170	0.00794934	0.04619076	0.00190992	0.00258874	0.00061089	0.02038927	0.00921505
A[T>C]C	0.00304054	0.00002150	0.00071494	0.01339732	0.00014199	0.00059371	0.00045792	0.00739611	0.00311898
A[T>C]G	0.00010602	0.00001320	0.00499958	0.03819236	0.00042798	0.00230888	0.00027695	0.00811573	0.00097322
A[T>C]T	0.00574102	0.00015500	0.00155987	0.03829234	0.00095896	0.00173915	0.00054490	0.00846555	0.00557557
A[T>G]A	0.00017203	0.00023801	0.00104991	0.00385923	0.00006140	0.00232887	0.00003900	0.00367806	0.00795506
A[T>G]C	0.00020704	0.00007460	0.00015899	0.00259948	0.00000000	0.00188908	0.00010998	0.00247870	0.00067342
A[T>G]G	0.00026805	0.00000205	0.00141988	0.00793841	0.00008250	0.00176914	0.00040993	0.00401789	0.00268778
A[T>G]T	0.00011202	0.00000376	0.00021598	0.00482903	0.00031999	0.00161921	0.00079386	0.00078259	0.00217399
C[C>A]A	0.00031205	0.00020801	0.08069330	0.00742851	0.00139994	0.00131936	0.00076786	0.01069438	0.00855745
C[C>A]C	0.00179032	0.00009530	0.07969339	0.00613877	0.00096796	0.00076663	0.00038793	0.01159390	0.00604037
C[C>A]G	0.00009320	0.00000000	0.02449797	0.00345931	0.00000433	0.00023588	0.00040693	0.00032883	0.02000689
C[C>A]T	0.00000000	0.00042101	0.06899427	0.00648870	0.00000000	0.00003440	0.00029695	0.02788533	0.00488557
C[C>G]A	0.00002410	0.00000000	0.00782935	0.00695861	0.00560975	0.00176914	0.00126977	0.00204892	0.00676566
C[C>G]C	0.00007680	0.00035101	0.00686943	0.00906819	0.00064797	0.00180912	0.00079286	0.00185902	0.00333918
C[C>G]G	0.00035206	0.00004870	0.00339972	0.00248950	0.00048798	0.00004810	0.00011998	0.00085355	0.08598453
C[C>G]T	0.00000000	0.00006360	0.00681943	0.00952809	0.00639972	0.00321843	0.00101982	0.00341820	0.00961065
C[C>T]A	0.00200036	0.00432013	0.01269895	0.01939612	0.00001930	0.11894209	0.10998048	0.04117834	0.00838315
C[C>T]C	0.00027005	0.00017001	0.01149905	0.01899620	0.00134994	0.09195523	0.10298172	0.16391378	0.00804526
C[C>T]G	0.19603481	0.00277008	0.00330972	0.01749650	0.00198991	0.01569236	0.01679702	0.00819569	0.18689899
C[C>T]T	0.00019604	0.00145004	0.01599867	0.02309538	0.00144994	0.25787445	0.04619180	0.14492377	0.00696206
C[T>A]A	0.00004300	0.00024301	0.01439881	0.00353929	0.00020899	0.00009600	0.00021396	0.02058917	0.00835215
C[T>A]C	0.00039307	0.00024401	0.01219899	0.00518896	0.00034198	0.00040280	0.00077686	0.02108891	0.00491087
C[T>A]G	0.00032406	0.00014900	0.03249730	0.00500900	0.00022599	0.00029386	0.00058690	0.01869017	0.00276728
C[T>A]T	0.00026005	0.00000000	0.01179902	0.00429914	0.00052298	0.00021789	0.00061189	0.03098370	0.01019195
C[T>C]A	0.00000000	0.00030201	0.00517957	0.01329734	0.00004740	0.00045178	0.00126977	0.00814571	0.00512197
C[T>C]C	0.00250044	0.00002850	0.00235980	0.01039792	0.00012200	0.00008140	0.00137976	0.00990479	0.00183399
C[T>C]G	0.00036006	0.00000000	0.00549954	0.02079584	0.00000000	0.00049776	0.00126977	0.00445765	0.00083610
C[T>C]T	0.00004260	0.00018600	0.00255979	0.01489702	0.00011200	0.00039081	0.00409927	0.01379275	0.00885715
C[T>G]A	0.00003550	0.00015300	0.00086993	0.00258948	0.00004140	0.00071365	0.00019797	0.00196896	0.00851535
C[T>G]C	0.00021204	0.00015500	0.00044096	0.00460908	0.00000282	0.00208898	0.00021496	0.00142925	0.00108389
C[T>G]G	0.00012802	0.00012100	0.00378969	0.00612877	0.00000000	0.00132935	0.00007850	0.00149921	0.00195899
C[T>G]T	0.00017103	0.00020301	0.00119990	0.00729854	0.00005550	0.00219893	0.00026495	0.00094850	0.00308218
G[C>A]A	0.00158028	0.00008620	0.03159738	0.01019796	0.00094896	0.00081360	0.00094283	0.01309311	0.00710276
G[C>A]C	0.00033906	0.00000000	0.03479711	0.00764847	0.00045098	0.00027187	0.00049391	0.02148870	0.00466598
G[C>A]G	0.00058710	0.00001390	0.01529873	0.00233953	0.00016399	0.00020490	0.00000000	0.00097149	0.00828786
G[C>A]T	0.00000000	0.00005120	0.02119824	0.00681864	0.00006150	0.00027287	0.00086185	0.00350816	0.00106749
G[C>G]A	0.00000959	0.00006540	0.00528956	0.00467906	0.00149993	0.00130936	0.00051491	0.00182904	0.00261759
G[C>G]C	0.00016403	0.00026101	0.00574952	0.00507898	0.00047898	0.00128937	0.00025595	0.00750605	0.00119829
G[C>G]G	0.00016603	0.00000000	0.00329973	0.00150970	0.00024099	0.00059671	0.00011698	0.00045676	0.00545547
G[C>G]T	0.00000000	0.00013400	0.00303975	0.00671866	0.00269988	0.00031984	0.00039893	0.00335823	0.00449918
G[C>T]A	0.00444079	0.00000000	0.00408966	0.01939612	0.00717968	0.06097032	0.04969118	0.00679643	0.00188169
G[C>T]C	0.00009280	0.00000013	0.00445963	0.02159568	0.00092096	0.03968068	0.06098918	0.01139401	0.00261809
G[C>T]G	0.21803872	0.00000000	0.00048196	0.01229754	0.00017799	0.00320844	0.00523907	0.00196896	0.01770890
G[C>T]T	0.00003840	0.00005040	0.00380968	0.01859628	0.00126994	0.10894696	0.01769686	0.00569700	0.00144639
G[T>A]A	0.00008120	0.00000000	0.00921923	0.00366927	0.00000670	0.00018891	0.00032894	0.00189900	0.00940165
G[T>A]C	0.00012902	0.00013100	0.00359970	0.00290942	0.00012999	0.00007780	0.00018197	0.00290847	0.00339898
G[T>A]G	0.00024604	0.00006380	0.01309891	0.00410918	0.00004700	0.00048576	0.00009860	0.00576697	0.00681056
G[T>A]T	0.00025805	0.00006280	0.00551954	0.00321936	0.00035798	0.00028286	0.00019097	0.00078858	0.00695546
G[T>C]A	0.00105019	0.00000000	0.00289976	0.01409718	0.00028699	0.00095354	0.00093483	0.00452762	0.00300958
G[T>C]C	0.00190034	0.00002740	0.00117990	0.00793841	0.00018199	0.00037082	0.00055490	0.00656655	0.00389478
G[T>C]G	0.00117021	0.00010700	0.00236980	0.01499700	0.00019499	0.00095254	0.00050091	0.00512730	0.00396178
G[T>C]T	0.00007130	0.00001250	0.00075494	0.01369726	0.00000000	0.00235885	0.00044492	0.00468753	0.00654096
G[T>G]A	0.00000000	0.00020901	0.00059795	0.00251950	0.00008770	0.00063569	0.00018797	0.00030384	0.00352798
G[T>G]C	0.00000000	0.00013300	0.00025298	0.00170966	0.00000000	0.00070266	0.00035294	0.00087154	0.00123869
G[T>G]G	0.00034806	0.00003710	0.00242980	0.00529894	0.00042598	0.00050975	0.00137976	0.00254866	0.00323648
G[T>G]T	0.00001460	0.00000000	0.00025198	0.00234953	0.00000289	0.00034083	0.00015997	0.00280852	0.00246059
T[C>A]A	0.00006580	0.00063902	0.03979670	0.00785843	0.07899652	0.00137933	0.00069588	0.00185902	0.00400548
T[C>A]C	0.00253045	0.00017001	0.04689611	0.00916817	0.02939870	0.00112945	0.00024296	0.00937507	0.00417898
T[C>A]G	0.00000000	0.00008530	0.01089909	0.00229954	0.01209947	0.00028486	0.00008260	0.00095450	0.00317228
T[C>A]T	0.00000588	0.00044001	0.04129657	0.01269746	0.03549844	0.00137933	0.00066488	0.00448764	0.00413378
T[C>G]A	0.00000000	0.00000000	0.00357970	0.00780844	0.31698603	0.00174915	0.00012698	0.00039579	0.00063954
T[C>G]C	0.00020304	0.00009870	0.00594951	0.00759848	0.06349720	0.00311848	0.00098583	0.00291846	0.00284118
T[C>G]G	0.00006940	0.00004120	0.00182985	0.00170966	0.01379939	0.00044079	0.00010598	0.00041578	0.02611686
T[C>G]T	0.00156028	0.00118003	0.00337972	0.01249750	0.36898374	0.00160922	0.00010898	0.00423777	0.01263093
T[C>T]A	0.00111020	0.53601551	0.00373969	0.02029594	0.00692969	0.04387864	0.09798261	0.00747607	0.00000872
T[C>T]C	0.00003730	0.09730282	0.00698942	0.02299540	0.00447980	0.02498783	0.13397622	0.02458707	0.00617527
T[C>T]G	0.11001954	0.04420128	0.00028098	0.01589682	0.00118995	0.00431790	0.01469739	0.00840558	0.05955568
T[C>T]T	0.00000000	0.30000868	0.00721940	0.02099580	0.00141994	0.06286939	0.05249068	0.01948975	0.01094794
T[T>A]A	0.00672119	0.00042201	0.00887926	0.00630874	0.00029599	0.00049376	0.00028195	0.00669648	0.00827966
T[T>A]C	0.00000000	0.00019201	0.00430964	0.00413917	0.00023199	0.00047477	0.00024096	0.00374803	0.00372258
T[T>A]G	0.00002800	0.00005010	0.00953921	0.00478904	0.00018799	0.00037282	0.00018997	0.00326828	0.00486627
T[T>A]T	0.00225040	0.00020501	0.00561953	0.00874825	0.00006200	0.00067267	0.00070088	0.00887533	0.00526077
T[T>C]A	0.00025505	0.00000000	0.00240980	0.01799640	0.00002210	0.00123940	0.00054390	0.00458759	0.00976895
T[T>C]C	0.00339060	0.00004350	0.00050296	0.00970806	0.00002490	0.00055273	0.00028595	0.01029459	0.00715886
T[T>C]G	0.00041607	0.00011700	0.00173986	0.01269746	0.00009980	0.00107948	0.00020296	0.00400789	0.00171129
T[T>C]T	0.00433077	0.00003580	0.00063595	0.01849630	0.00053098	0.00146929	0.00044492	0.01209364	0.00658776
T[T>G]A	0.00000000	0.00001670	0.00037697	0.00521896	0.00018399	0.00165919	0.00011798	0.00224882	0.00820445
T[T>G]C	0.00005510	0.00007040	0.00017399	0.00655869	0.00000000	0.00201902	0.00009640	0.00237875	0.00249729
T[T>G]G	0.00058310	0.00009540	0.00231981	0.00693861	0.00003670	0.00206899	0.00081286	0.00534719	0.00199599
T[T>G]T	0.00000000	0.00000000	0.00056795	0.01349730	0.00001890	0.00422794	0.00888842	0.00729616	0.00625077
