Samples	SBS96A	SBS96B	SBS96C	SBS96D	SBS96E	SBS96F	SBS96G	SBS96H
TCGA-4P-AA8J	37	18	12	11	0	0	0	66
TCGA-BA-4074	13	13	3	29	41	0	20	35
TCGA-BA-4075	0	16	0	21	0	38	0	47
TCGA-BA-4076	26	8	211	0	0	78	51	27
TCGA-BA-4077	135	108	0	0	0	56	21	4
TCGA-BA-4078	21	42	269	2	0	102	108	14
TCGA-BA-5149	31	0	16	30	0	12	1	39
TCGA-BA-5151	4	12	8	30	22	1	17	0
TCGA-BA-5152	299	249	0	7	0	16	0	0
TCGA-BA-5153	0	4	4	15	0	0	1	18
TCGA-BA-5555	8	0	45	2	41	0	35	24
TCGA-BA-5556	14	4	4	10	39	15	36	16
TCGA-BA-5557	4	6	1	10	8	0	0	1
TCGA-BA-5558	52	96	6	18	0	0	11	0
TCGA-BA-5559	4	8	3	16	37	0	0	0
TCGA-BA-6868	44	27	12	6	16	16	0	50
TCGA-BA-6869	44	35	283	25	28	74	0	68
TCGA-BA-6870	5	19	15	0	5	2	0	40
TCGA-BA-6871	46	25	4	7	37	17	3	17
TCGA-BA-6872	23	25	0	5	41	10	35	32
TCGA-BA-6873	9	7	5	33	0	0	4	10
TCGA-BA-7269	10	5	5	18	11	34	4	9
TCGA-BA-A4IF	15	10	19	23	0	7	18	8
TCGA-BA-A4IG	28	28	9	7	0	0	8	51
TCGA-BA-A4IH	2	5	4	9	13	14	0	1
TCGA-BA-A4II	9	13	22	26	0	0	0	31
TCGA-BA-A6D8	11	0	21	22	57	0	0	22
TCGA-BA-A6DA	40	23	350	34	4	299	13	44
TCGA-BA-A6DB	0	2	3	6	0	0	0	0
TCGA-BA-A6DD	0	2	4	15	20	3	0	7
TCGA-BA-A6DE	16	29	6	16	0	48	0	24
TCGA-BA-A6DG	0	0	2	10	0	0	0	9
TCGA-BA-A6DI	7	13	33	5	12	0	30	8
TCGA-BA-A6DJ	83	60	0	77	0	32	22	10
TCGA-BA-A6DL	9	9	7	0	67	0	0	0
TCGA-BA-A8YP	26	24	16	9	68	0	29	9
TCGA-BB-4217	0	2	0	2	0	0	1	14
TCGA-BB-4223	40	20	1	11	0	0	16	0
TCGA-BB-4224	28	21	8	30	0	0	0	6
TCGA-BB-4225	0	24	0	21	24	0	4	0
TCGA-BB-4227	195	62	0	10	0	8	20	1
TCGA-BB-4228	7	6	1	17	0	13	3	0
TCGA-BB-7870	8	4	120	17	10	104	35	27
TCGA-BB-8596	33	2	6	12	0	3	29	8
TCGA-BB-8601	2	5	13	13	0	0	12	27
TCGA-BB-A5HU	104	80	0	3	0	0	26	0
TCGA-BB-A5HY	54	51	14	6	28	39	18	29
TCGA-BB-A5HZ	0	13	0	11	0	32	24	0
TCGA-BB-A6UM	0	6	0	50	1	1	21	2
TCGA-BB-A6UO	3	15	6	13	35	0	0	46
TCGA-C9-A47Z	2	11	27	55	0	20	0	6
TCGA-C9-A480	1	11	0	26	0	13	9	0
TCGA-CN-4725	0	2	5	27	25	0	0	0
TCGA-CN-4726	6	7	13	27	0	11	16	3
TCGA-CN-4727	14	23	225	25	35	103	61	0
TCGA-CN-4728	16	16	9	6	13	4	11	8
TCGA-CN-4729	24	19	17	12	62	0	0	12
TCGA-CN-4730	60	26	13	22	0	12	17	41
TCGA-CN-4731	17	17	9	33	9	18	6	22
TCGA-CN-4733	0	1	0	11	0	0	0	0
TCGA-CN-4734	54	27	16	38	35	0	9	0
TCGA-CN-4735	15	62	23	12	0	10	42	5
TCGA-CN-4736	0	5	10	9	60	0	10	2
TCGA-CN-4737	1	3	6	14	0	0	26	0
TCGA-CN-4738	4	18	25	9	21	0	0	7
TCGA-CN-4739	11	8	114	28	0	17	24	34
TCGA-CN-4740	24	29	0	0	75	5	0	0
TCGA-CN-4741	7	25	19	32	15	0	0	18
TCGA-CN-4742	0	8	0	23	0	29	0	13
TCGA-CN-5355	4	1	29	23	0	31	2	25
TCGA-CN-5356	33	8	143	25	50	2	91	45
TCGA-CN-5358	1	0	0	0	6	5	0	4
TCGA-CN-5359	6	11	24	22	0	27	11	16
TCGA-CN-5360	10	31	309	4	80	90	43	12
TCGA-CN-5361	17	28	21	21	10	0	0	31
TCGA-CN-5363	20	15	69	0	18	25	40	20
TCGA-CN-5364	14	25	8	0	33	17	12	30
TCGA-CN-5365	0	17	0	0	9	38	6	3
TCGA-CN-5366	13	17	2	19	12	0	13	24
TCGA-CN-5367	6	1	3	8	21	4	25	21
TCGA-CN-5369	76	29	8	52	0	0	137	0
TCGA-CN-5370	22	19	9	35	0	0	0	14
TCGA-CN-5373	1	28	11	33	0	0	58	31
TCGA-CN-5374	40	66	0	32	0	13	14	4
TCGA-CN-6010	7	0	27	31	0	23	8	22
TCGA-CN-6011	179	157	6	14	0	0	14	29
TCGA-CN-6012	18	10	11	0	48	14	4	3
TCGA-CN-6013	33	114	1	36	0	6	0	6
TCGA-CN-6016	29	12	0	17	0	0	39	26
TCGA-CN-6018	18	24	5	39	5	0	0	15
TCGA-CN-6019	0	15	16	0	64	28	1	10
TCGA-CN-6020	12	19	17	27	29	0	0	17
TCGA-CN-6021	18	24	130	0	96	28	0	22
TCGA-CN-6022	13	18	17	14	10	0	5	5
TCGA-CN-6023	15	24	10	13	0	16	3	24
TCGA-CN-6024	1	15	31	9	65	0	26	41
TCGA-CN-6988	7	4	63	14	39	18	33	0
TCGA-CN-6989	7	29	14	14	0	0	16	34
TCGA-CN-6992	27	21	154	95	16	43	27	6
TCGA-CN-6994	26	18	9	11	0	29	32	0
TCGA-CN-6995	6	21	73	23	0	55	37	32
TCGA-CN-6996	7	13	0	12	0	9	11	0
TCGA-CN-6997	24	20	25	15	0	0	34	36
TCGA-CN-6998	24	15	0	47	0	0	0	12
TCGA-CN-A497	7	18	196	3	0	114	32	32
TCGA-CN-A498	23	30	6	4	47	5	0	12
TCGA-CN-A499	1	2	0	19	0	0	10	1
TCGA-CN-A49A	27	29	0	22	0	52	0	6
TCGA-CN-A49B	19	16	0	19	29	10	0	19
TCGA-CN-A49C	6	9	0	29	7	0	0	1
TCGA-CN-A63T	11	16	109	17	54	50	12	19
TCGA-CN-A63U	11	16	268	5	83	122	52	63
TCGA-CN-A63V	1	3	6	38	42	0	0	0
TCGA-CN-A63W	51	1	229	28	35	44	53	17
TCGA-CN-A641	0	26	108	9	47	56	0	0
TCGA-CN-A642	13	17	3	43	0	0	0	7
TCGA-CN-A6UY	1	3	1	8	8	8	17	0
TCGA-CN-A6V1	26	58	0	2	2	0	15	5
TCGA-CN-A6V3	13	17	118	26	19	36	0	36
TCGA-CN-A6V6	1	21	0	30	0	20	8	2
TCGA-CN-A6V7	8	16	0	26	0	5	3	0
TCGA-CQ-5323	0	7	4	22	10	4	2	4
TCGA-CQ-5324	5	11	0	23	19	0	14	0
TCGA-CQ-5325	1	4	0	0	7	8	14	11
TCGA-CQ-5326	107	64	7	30	0	0	18	24
TCGA-CQ-5327	88	111	0	46	0	0	13	0
TCGA-CQ-5329	0	1	2	10	14	0	4	0
TCGA-CQ-5330	0	8	3	22	1	0	14	14
TCGA-CQ-5331	75	49	6	9	14	0	3	0
TCGA-CQ-5332	8	17	10	38	27	29	22	4
TCGA-CQ-5333	49	68	2	42	0	57	0	3
TCGA-CQ-5334	55	31	4	33	64	0	0	0
TCGA-CQ-6218	31	33	14	38	0	6	1	27
TCGA-CQ-6219	13	6	0	13	0	0	5	18
TCGA-CQ-6220	36	13	6	27	17	0	8	11
TCGA-CQ-6221	52	18	0	10	0	30	0	11
TCGA-CQ-6222	1	2	4	18	9	5	5	2
TCGA-CQ-6223	3	1	11	20	29	7	25	0
TCGA-CQ-6224	0	6	0	27	0	12	9	4
TCGA-CQ-6225	21	4	15	14	52	10	0	30
TCGA-CQ-6227	7	2	1	22	0	11	4	0
TCGA-CQ-6228	6	0	2	0	61	0	30	7
TCGA-CQ-6229	0	2	5	14	0	1	7	0
TCGA-CQ-7063	49	21	0	11	61	0	0	0
TCGA-CQ-7065	0	4	0	2	25	0	2	0
TCGA-CQ-7068	21	25	5	27	11	1	27	0
TCGA-CQ-7069	61	19	1	2	0	0	20	0
TCGA-CQ-7071	280	175	22	12	0	14	25	0
TCGA-CQ-7072	3	6	24	0	21	0	44	26
TCGA-CQ-A4C6	33	22	0	17	0	26	25	3
TCGA-CQ-A4C7	0	11	2	5	14	0	5	10
TCGA-CQ-A4C9	10	12	2	22	0	15	20	10
TCGA-CQ-A4CB	11	12	0	7	24	0	28	11
TCGA-CQ-A4CD	84	20	9	33	0	11	0	9
TCGA-CQ-A4CE	4	4	0	14	30	5	8	0
TCGA-CQ-A4CG	1	9	16	20	31	11	4	0
TCGA-CQ-A4CH	0	0	0	0	0	0	4	2
TCGA-CQ-A4CI	9	4	16	36	32	15	8	0
TCGA-CR-5243	13	6	0	18	14	10	6	0
TCGA-CR-5247	1	4	5	17	26	0	0	22
TCGA-CR-5248	113	123	1	30	29	7	31	5
TCGA-CR-5249	3	5	3	15	0	0	1	6
TCGA-CR-5250	1	4	5	11	0	7	0	15
TCGA-CR-6467	2	4	0	19	0	0	28	1
TCGA-CR-6470	2	4	0	12	18	0	0	0
TCGA-CR-6471	0	12	6	41	0	34	32	23
TCGA-CR-6472	292	203	10	0	0	35	0	1
TCGA-CR-6473	15	21	0	20	47	0	0	0
TCGA-CR-6474	20	8	5	0	28	21	9	11
TCGA-CR-6477	5	11	7	7	9	0	14	25
TCGA-CR-6478	2	50	0	0	14	1	50	11
TCGA-CR-6480	31	73	4	13	0	1	0	3
TCGA-CR-6481	188	337	0	12	0	0	0	0
TCGA-CR-6482	7	5	2	10	2	5	12	0
TCGA-CR-6484	148	77	4	20	11	3	0	6
TCGA-CR-6487	34	36	0	37	29	0	6	0
TCGA-CR-6488	0	3	2	13	0	10	6	0
TCGA-CR-6491	3	9	6	17	15	11	21	46
TCGA-CR-6492	3	11	0	6	0	0	4	14
TCGA-CR-6493	2	4	0	9	0	21	0	0
TCGA-CR-7364	21	24	234	46	0	77	59	66
TCGA-CR-7365	88	47	12	11	4	15	11	11
TCGA-CR-7367	7	17	31	23	62	0	26	12
TCGA-CR-7368	68	61	5	19	4	0	25	27
TCGA-CR-7369	2	12	21	13	4	2	8	20
TCGA-CR-7370	50	52	333	49	0	75	37	19
TCGA-CR-7371	87	30	110	22	0	0	40	18
TCGA-CR-7372	0	2	3	23	0	20	0	2
TCGA-CR-7373	40	22	0	18	45	0	0	0
TCGA-CR-7374	63	50	142	19	0	20	46	22
TCGA-CR-7376	12	1	0	15	0	0	7	2
TCGA-CR-7377	6	19	2	25	0	0	33	33
TCGA-CR-7379	8	16	13	44	48	0	23	0
TCGA-CR-7380	1	8	5	49	32	0	0	0
TCGA-CR-7382	14	11	0	28	10	0	0	8
TCGA-CR-7383	3	7	17	16	58	5	11	16
TCGA-CR-7385	8	7	0	0	13	0	13	0
TCGA-CR-7386	88	67	0	10	23	0	0	0
TCGA-CR-7388	157	86	237	20	35	152	12	0
TCGA-CR-7389	0	0	6	18	0	0	37	27
TCGA-CR-7390	27	20	0	10	61	26	0	10
TCGA-CR-7391	1	0	0	1	0	0	0	0
TCGA-CR-7392	0	3	0	1	1	0	2	0
TCGA-CR-7394	10	43	0	18	50	0	0	4
TCGA-CR-7395	20	81	0	11	0	0	34	2
TCGA-CR-7397	3	5	0	4	20	0	0	0
TCGA-CR-7398	25	44	201	45	0	56	0	30
TCGA-CR-7399	25	33	119	16	92	26	0	7
TCGA-CR-7401	7	6	0	34	0	19	30	3
TCGA-CR-7404	33	48	0	18	16	0	0	0
TCGA-CV-5430	37	36	0	11	0	31	18	23
TCGA-CV-5432	20	6	149	10	77	11	30	14
TCGA-CV-5434	8	13	43	45	13	0	9	23
TCGA-CV-5435	2	15	3	8	0	45	35	20
TCGA-CV-5436	12	19	0	4	21	0	24	31
TCGA-CV-5439	2	9	49	0	5	0	37	18
TCGA-CV-5440	34	18	1	11	0	40	6	16
TCGA-CV-5441	8	19	252	43	19	54	33	13
TCGA-CV-5442	84	152	0	58	0	0	0	0
TCGA-CV-5443	0	9	8	23	0	16	1	0
TCGA-CV-5444	44	35	9	21	0	0	8	13
TCGA-CV-5966	13	18	2	6	28	2	38	21
TCGA-CV-5970	48	52	8	101	0	0	0	0
TCGA-CV-5971	0	2	0	6	0	0	1	0
TCGA-CV-5973	2	4	1	27	29	0	0	0
TCGA-CV-5976	8	18	6	19	0	0	14	20
TCGA-CV-5977	22	8	9	26	12	0	21	0
TCGA-CV-5978	3	13	53	11	39	48	0	18
TCGA-CV-5979	2	0	3	12	10	0	0	3
TCGA-CV-6003	8	21	7	37	15	4	4	0
TCGA-CV-6433	1	5	2	19	0	2	8	11
TCGA-CV-6436	6	13	3	35	0	15	14	3
TCGA-CV-6441	100	47	29	20	0	8	40	17
TCGA-CV-6933	12	13	11	9	20	0	12	44
TCGA-CV-6934	6	0	4	1	81	0	0	6
TCGA-CV-6935	29	32	114	6	45	15	3	5
TCGA-CV-6936	83	108	26	37	0	0	18	14
TCGA-CV-6937	6	26	0	21	5	44	15	15
TCGA-CV-6938	12	11	0	52	8	20	2	21
TCGA-CV-6939	0	2	0	0	19	11	0	0
TCGA-CV-6940	38	29	7	5	18	0	50	0
TCGA-CV-6941	1	14	11	23	32	22	60	0
TCGA-CV-6942	116	62	26	50	10	0	0	0
TCGA-CV-6943	12	17	0	9	0	0	0	2
TCGA-CV-6945	13	14	63	35	0	0	19	11
TCGA-CV-6948	39	30	17	0	112	1	13	0
TCGA-CV-6950	1	4	15	11	12	0	0	18
TCGA-CV-6951	29	24	16	16	38	0	0	26
TCGA-CV-6952	34	27	3	27	0	0	11	88
TCGA-CV-6953	19	21	18	43	8	0	14	3
TCGA-CV-6954	10	14	12	5	44	0	17	16
TCGA-CV-6955	9	9	3	22	0	18	22	2
TCGA-CV-6956	21	28	28	35	10	52	9	43
TCGA-CV-6959	5	0	12	29	0	18	5	0
TCGA-CV-6960	19	9	82	20	0	40	4	23
TCGA-CV-6961	309	315	17	7	0	0	0	0
TCGA-CV-6962	0	7	36	18	32	23	24	16
TCGA-CV-7089	71	49	5	2	0	0	5	36
TCGA-CV-7090	4	12	6	16	0	4	7	2
TCGA-CV-7091	11	17	0	16	3	57	16	17
TCGA-CV-7095	81	49	17	67	40	0	9	0
TCGA-CV-7097	8	10	0	27	0	20	5	17
TCGA-CV-7099	117	110	6	30	12	0	16	8
TCGA-CV-7100	0	2	0	5	0	5	2	0
TCGA-CV-7101	8	27	19	17	0	47	52	13
TCGA-CV-7102	45	31	4	17	29	24	14	4
TCGA-CV-7103	10	3	3	5	4	0	11	10
TCGA-CV-7104	10	22	0	18	9	57	0	0
TCGA-CV-7177	22	6	5	0	65	0	0	2
TCGA-CV-7178	21	15	5	31	0	15	47	0
TCGA-CV-7180	3	6	5	12	15	6	0	12
TCGA-CV-7183	0	12	21	22	0	3	7	0
TCGA-CV-7235	27	13	9	21	21	21	0	33
TCGA-CV-7236	0	3	2	20	0	0	22	0
TCGA-CV-7238	5	6	2	24	0	0	10	0
TCGA-CV-7242	21	15	147	20	49	50	12	32
TCGA-CV-7243	5	20	2	37	0	3	5	2
TCGA-CV-7245	21	23	194	30	30	212	35	54
TCGA-CV-7247	4	11	0	1	27	18	0	0
TCGA-CV-7248	17	31	175	1	0	27	53	8
TCGA-CV-7250	7	10	53	50	0	39	34	17
TCGA-CV-7252	30	69	4	66	9	41	19	18
TCGA-CV-7253	5	6	36	32	49	29	24	9
TCGA-CV-7254	13	15	108	13	0	87	34	7
TCGA-CV-7255	6	9	10	28	6	11	34	3
TCGA-CV-7261	13	11	28	30	0	0	31	1
TCGA-CV-7263	0	12	0	10	65	0	21	19
TCGA-CV-7406	50	135	8	23	1	0	5	3
TCGA-CV-7407	6	12	2	14	0	11	35	32
TCGA-CV-7410	13	3	2	0	2	0	1	0
TCGA-CV-7411	14	23	12	2	17	26	21	6
TCGA-CV-7413	5	16	10	22	0	0	27	0
TCGA-CV-7414	91	43	0	21	58	16	0	27
TCGA-CV-7415	20	15	6	9	13	2	12	1
TCGA-CV-7416	4	18	0	35	0	17	1	0
TCGA-CV-7418	25	0	0	1	40	55	43	9
TCGA-CV-7421	13	7	9	10	12	0	8	5
TCGA-CV-7422	19	13	26	20	44	6	6	4
TCGA-CV-7423	4	7	0	11	16	13	22	0
TCGA-CV-7424	36	24	36	42	16	3	35	3
TCGA-CV-7425	10	20	14	39	0	14	19	4
TCGA-CV-7427	284	222	0	0	0	0	0	0
TCGA-CV-7429	4	8	5	18	0	20	0	2
TCGA-CV-7430	2	17	36	27	0	0	22	22
TCGA-CV-7432	8	12	39	6	92	0	20	4
TCGA-CV-7433	19	17	12	9	0	23	4	19
TCGA-CV-7434	8	0	23	19	47	6	0	8
TCGA-CV-7435	4	15	2	1	0	19	18	26
TCGA-CV-7437	17	18	17	37	41	5	0	0
TCGA-CV-7438	24	9	10	32	0	0	14	13
TCGA-CV-7440	21	15	100	25	28	0	7	27
TCGA-CV-7446	31	25	27	8	55	0	1	19
TCGA-CV-A45O	29	74	0	7	35	0	0	0
TCGA-CV-A45P	64	60	12	33	0	12	0	0
TCGA-CV-A45Q	111	71	5	38	79	14	6	0
TCGA-CV-A45R	2	8	0	49	21	1	6	11
TCGA-CV-A45T	0	0	0	7	0	0	0	2
TCGA-CV-A45U	34	83	33	20	12	17	2	19
TCGA-CV-A45V	15	21	6	27	0	11	39	0
TCGA-CV-A45W	23	39	268	12	97	73	27	15
TCGA-CV-A45X	15	5	7	7	38	6	28	9
TCGA-CV-A45Y	8	0	5	6	0	4	10	8
TCGA-CV-A45Z	36	15	280	0	98	204	0	18
TCGA-CV-A460	5	7	3	17	12	14	0	15
TCGA-CV-A461	22	43	315	0	94	127	56	31
TCGA-CV-A463	51	83	5	59	0	24	18	11
TCGA-CV-A464	0	4	3	1	8	1	8	0
TCGA-CV-A465	5	4	0	11	8	8	0	0
TCGA-CV-A468	0	29	0	42	15	0	63	9
TCGA-CV-A6JD	0	11	9	47	9	6	17	0
TCGA-CV-A6JE	44	21	5	6	27	12	2	37
TCGA-CV-A6JM	76	175	6	13	11	37	18	6
TCGA-CV-A6JN	2	8	12	25	1	0	0	41
TCGA-CV-A6JO	2	0	0	31	21	11	0	0
TCGA-CV-A6JT	4	9	2	26	3	10	5	0
TCGA-CV-A6JU	8	0	11	0	0	31	74	16
TCGA-CV-A6JY	0	8	7	26	0	20	25	0
TCGA-CV-A6JZ	0	11	18	5	47	0	18	8
TCGA-CV-A6K0	0	1	0	3	0	3	0	0
TCGA-CV-A6K1	31	57	115	126	0	0	204	0
TCGA-CV-A6K2	389	382	1	1	0	0	0	0
TCGA-CX-7082	11	6	11	11	0	0	22	44
TCGA-CX-7085	34	33	0	13	0	0	0	2
TCGA-CX-7086	43	37	14	14	0	46	66	31
TCGA-CX-7219	22	20	8	12	66	0	0	0
TCGA-CX-A4AQ	13	15	16	24	20	0	9	15
TCGA-D6-6515	1	8	0	14	11	0	2	3
TCGA-D6-6517	2	6	9	8	0	10	27	13
TCGA-D6-6823	7	6	12	0	43	0	4	40
TCGA-D6-6824	0	1	10	0	0	0	7	0
TCGA-D6-6825	3	9	0	15	28	16	6	5
TCGA-D6-6826	20	16	0	29	0	26	17	1
TCGA-D6-6827	0	0	0	2	0	0	9	1
TCGA-D6-8568	9	12	12	17	0	27	20	13
TCGA-D6-8569	1	4	17	10	8	17	52	36
TCGA-D6-A4Z9	7	1	13	12	30	16	3	24
TCGA-D6-A4ZB	46	3	15	7	23	0	14	11
TCGA-D6-A6EK	0	18	37	24	0	49	27	31
TCGA-D6-A6EM	0	11	8	27	25	6	0	23
TCGA-D6-A6EN	11	14	14	27	43	0	0	0
TCGA-D6-A6EO	2	9	0	3	33	32	18	0
TCGA-D6-A6EP	18	12	30	11	0	42	18	18
TCGA-D6-A6EQ	8	19	12	0	12	0	50	0
TCGA-D6-A6ES	116	41	14	24	27	0	1	12
TCGA-D6-A74Q	62	71	192	30	52	37	11	22
TCGA-DQ-5624	17	38	0	11	3	0	13	1
TCGA-DQ-5625	86	34	0	26	27	0	0	37
TCGA-DQ-5629	24	22	111	31	0	120	59	12
TCGA-DQ-5630	6	0	4	20	0	0	19	8
TCGA-DQ-5631	8	11	0	31	14	24	13	0
TCGA-DQ-7588	20	24	3	7	0	26	0	35
TCGA-DQ-7591	4	3	0	4	2	0	23	4
TCGA-DQ-7592	7	4	5	16	0	7	42	3
TCGA-DQ-7593	0	0	0	7	14	2	0	0
TCGA-DQ-7596	3	0	0	9	6	0	0	0
TCGA-F7-7848	10	17	176	0	78	61	3	25
TCGA-F7-8298	44	11	6	17	0	0	0	33
TCGA-F7-8489	21	24	18	18	0	0	8	31
TCGA-F7-A50G	34	7	0	35	36	0	0	0
TCGA-F7-A50I	8	13	38	18	15	9	34	16
TCGA-F7-A50J	62	29	9	37	35	0	3	0
TCGA-F7-A61S	7	7	17	39	21	0	16	15
TCGA-F7-A61V	14	22	10	10	2	43	0	13
TCGA-F7-A61W	5	0	7	5	0	0	7	50
TCGA-F7-A620	3	7	6	21	0	7	0	12
TCGA-F7-A622	0	0	0	24	14	7	0	18
TCGA-F7-A623	23	32	12	26	29	11	43	27
TCGA-H7-7774	4	14	14	42	7	0	50	9
TCGA-H7-8501	75	55	7	33	0	0	0	4
TCGA-H7-A6C4	0	2	0	20	9	0	0	0
TCGA-H7-A6C5	4	5	26	17	53	0	12	0
TCGA-H7-A76A	35	36	0	11	0	0	0	0
TCGA-HD-7229	24	12	26	47	0	31	10	11
TCGA-HD-7753	7	3	25	4	5	10	3	46
TCGA-HD-7754	0	9	0	18	42	0	0	0
TCGA-HD-7831	0	2	0	8	17	9	0	0
TCGA-HD-7832	5	24	0	3	33	0	29	22
TCGA-HD-8224	5	6	15	22	0	0	7	18
TCGA-HD-8314	12	43	3	7	3	8	0	1
TCGA-HD-8634	8	9	5	11	19	0	11	0
TCGA-HD-8635	70	36	26	22	0	37	18	27
TCGA-HD-A4C1	56	64	10	40	0	0	52	6
TCGA-HD-A633	33	42	14	23	12	30	0	0
TCGA-HD-A634	0	5	10	17	0	12	0	0
TCGA-HD-A6HZ	19	11	8	32	0	4	16	0
TCGA-HD-A6I0	3	16	4	43	0	14	0	4
TCGA-IQ-7630	20	14	13	90	0	0	0	8
TCGA-IQ-7631	1	3	0	15	9	0	9	0
TCGA-IQ-7632	0	3	4	1	7	2	13	11
TCGA-IQ-A61E	75	50	3	20	34	0	6	0
TCGA-IQ-A61G	10	8	22	20	40	0	43	6
TCGA-IQ-A61H	29	25	4	39	0	21	4	27
TCGA-IQ-A61I	27	87	0	11	14	0	8	0
TCGA-IQ-A61J	0	0	5	13	13	0	7	1
TCGA-IQ-A61O	0	5	5	22	5	4	0	0
TCGA-IQ-A6SG	2	4	33	14	19	0	23	20
TCGA-IQ-A6SH	3	12	0	21	14	8	19	9
TCGA-KU-A66S	67	0	85	41	0	299	9	0
TCGA-KU-A66T	7	12	14	43	8	10	20	3
TCGA-KU-A6H7	57	70	0	5	18	0	0	0
TCGA-KU-A6H8	0	0	1	4	9	0	0	7
TCGA-MT-A51W	28	9	7	3	0	0	1	21
TCGA-MT-A51X	4	0	0	19	0	0	34	0
TCGA-MT-A67A	4	6	0	60	0	25	10	11
TCGA-MT-A67D	0	12	2	25	15	12	21	18
TCGA-MT-A67F	125	183	0	4	0	0	10	0
TCGA-MT-A7BN	5	10	9	29	13	0	0	1
TCGA-MZ-A5BI	4	1	0	12	0	0	18	0
TCGA-MZ-A6I9	3	3	0	9	9	6	0	0
TCGA-MZ-A7D7	40	15	8	0	38	16	0	20
TCGA-P3-A5Q5	138	116	0	19	44	0	0	0
TCGA-P3-A5Q6	17	19	4	29	20	22	0	30
TCGA-P3-A5QA	0	2	7	49	2	11	0	0
TCGA-P3-A5QE	8	1	2	22	8	4	0	0
TCGA-P3-A5QF	204	230	0	2	0	0	0	0
TCGA-P3-A6SW	10	12	0	3	45	0	0	0
TCGA-P3-A6SX	36	0	37	27	0	21	21	59
TCGA-P3-A6T0	4	6	0	35	32	11	9	5
TCGA-P3-A6T2	7	24	11	26	0	6	0	3
TCGA-P3-A6T3	47	33	4	23	16	0	0	0
TCGA-P3-A6T4	59	31	0	8	8	36	0	20
TCGA-P3-A6T5	50	71	22	58	0	0	9	28
TCGA-P3-A6T6	38	42	21	15	12	15	0	11
TCGA-P3-A6T7	34	12	5	44	18	12	0	26
TCGA-P3-A6T8	1	3	0	15	17	16	22	21
TCGA-QK-A64Z	28	15	4	17	0	0	13	11
TCGA-QK-A652	1	4	5	13	2	9	10	3
TCGA-QK-A6IF	0	6	0	14	5	0	6	0
TCGA-QK-A6IG	37	30	10	44	0	7	0	3
TCGA-QK-A6IH	16	10	1	17	1	3	21	9
TCGA-QK-A6II	92	19	1	9	18	0	30	31
TCGA-QK-A6IJ	0	3	0	28	0	19	2	0
TCGA-QK-A6V9	3	16	0	39	4	10	0	10
TCGA-QK-A6VB	0	0	75	75	0	0	306	0
TCGA-QK-A6VC	49	66	4	7	0	27	0	9
TCGA-QK-A8Z7	6	1	14	18	25	28	46	8
TCGA-QK-A8Z8	9	23	252	22	82	34	0	37
TCGA-QK-A8Z9	16	14	3	2	60	0	15	33
TCGA-QK-A8ZA	15	23	15	15	25	28	0	17
TCGA-QK-A8ZB	28	5	6	7	34	0	31	0
TCGA-QK-AA3J	24	31	4	15	0	11	0	57
TCGA-QK-AA3K	6	6	11	10	35	0	15	21
TCGA-RS-A6TO	31	41	3	15	82	0	0	0
TCGA-RS-A6TP	60	64	0	23	0	0	0	7
TCGA-T2-A6WX	83	82	5	23	0	0	31	0
TCGA-T2-A6WZ	15	6	7	28	0	17	0	26
TCGA-T2-A6X0	0	8	2	43	9	0	3	0
TCGA-T2-A6X2	214	163	12	2	35	0	0	5
TCGA-T3-A92M	200	81	36	19	10	0	20	13
TCGA-T3-A92N	21	68	9	48	9	0	0	31
TCGA-TN-A7HI	0	13	6	31	0	10	3	0
TCGA-TN-A7HJ	27	46	11	14	3	0	0	0
TCGA-TN-A7HL	313	402	1	2	39	0	2	0
TCGA-UF-A718	1	1	15	13	27	0	0	5
TCGA-UF-A719	0	5	4	29	20	27	24	14
TCGA-UF-A71A	10	14	19	16	46	33	26	57
TCGA-UF-A71B	11	14	0	7	46	18	34	27
TCGA-UF-A71D	22	45	182	60	0	53	112	52
TCGA-UF-A71E	6	15	25	69	0	41	11	27
TCGA-UF-A7J9	63	35	76	28	44	2	0	21
TCGA-UF-A7JA	60	22	35	13	0	0	33	24
TCGA-UF-A7JC	3	8	11	14	0	0	0	24
TCGA-UF-A7JD	2	0	15	6	83	0	0	9
TCGA-UF-A7JF	11	17	18	11	0	34	0	35
TCGA-UF-A7JH	3	8	22	27	10	5	4	5
TCGA-UF-A7JJ	2	0	21	2	10	4	8	7
TCGA-UF-A7JK	1	8	28	52	0	7	0	34
TCGA-UF-A7JO	48	26	11	68	0	6	16	3
TCGA-UF-A7JS	13	2	8	23	0	23	4	6
TCGA-UF-A7JT	75	54	10	45	9	24	2	0
TCGA-UF-A7JV	29	37	0	0	17	0	0	4
TCGA-UP-A6WW	0	2	0	13	21	0	9	0
TCGA-WA-A7GZ	56	45	28	37	0	0	30	33
TCGA-WA-A7H4	15	4	3	11	0	0	8	10
