Samples	SBS96A	SBS96B	SBS96C	SBS96D	SBS96E	SBS96F	SBS96G
TCGA-4P-AA8J	42	14	10	10	0	0	68
TCGA-BA-4074	15	16	8	45	0	19	51
TCGA-BA-4075	0	20	1	16	43	0	42
TCGA-BA-4076	31	4	233	0	42	62	29
TCGA-BA-4077	162	111	12	0	15	22	2
TCGA-BA-4078	25	53	301	0	36	123	20
TCGA-BA-5149	32	0	19	30	7	0	41
TCGA-BA-5151	5	14	7	36	8	23	1
TCGA-BA-5152	330	241	0	0	0	0	0
TCGA-BA-5153	1	5	3	16	0	0	17
TCGA-BA-5555	9	0	49	12	8	41	36
TCGA-BA-5556	17	3	10	19	11	53	25
TCGA-BA-5557	5	7	2	11	0	3	2
TCGA-BA-5558	58	107	0	11	0	7	0
TCGA-BA-5559	5	10	2	25	23	0	3
TCGA-BA-6868	49	25	9	4	37	0	47
TCGA-BA-6869	52	34	310	29	54	0	78
TCGA-BA-6870	6	23	15	0	0	0	42
TCGA-BA-6871	54	23	4	12	38	4	21
TCGA-BA-6872	25	29	0	8	33	38	38
TCGA-BA-6873	11	6	5	35	0	0	11
TCGA-BA-7269	10	4	4	15	57	1	5
TCGA-BA-A4IF	18	8	19	24	0	23	8
TCGA-BA-A4IG	32	29	7	6	0	4	53
TCGA-BA-A4IH	2	5	3	9	28	0	1
TCGA-BA-A4II	11	13	22	25	0	0	30
TCGA-BA-A6D8	10	0	15	30	51	0	27
TCGA-BA-A6DA	47	19	409	14	264	24	30
TCGA-BA-A6DB	0	2	2	7	0	0	0
TCGA-BA-A6DD	0	2	2	18	20	1	8
TCGA-BA-A6DE	20	35	16	13	32	0	23
TCGA-BA-A6DG	0	0	2	10	0	0	9
TCGA-BA-A6DI	8	17	32	7	0	32	12
TCGA-BA-A6DJ	96	59	3	81	32	4	9
TCGA-BA-A6DL	9	13	3	8	57	2	0
TCGA-BA-A8YP	30	29	15	20	24	45	18
TCGA-BB-4217	0	3	0	2	0	1	13
TCGA-BB-4223	44	16	0	10	0	18	0
TCGA-BB-4224	33	19	6	31	0	0	4
TCGA-BB-4225	0	36	0	29	0	8	0
TCGA-BB-4227	225	39	0	10	2	20	0
TCGA-BB-4228	8	6	5	21	5	2	0
TCGA-BB-7870	9	4	140	12	89	46	25
TCGA-BB-8596	35	0	2	10	11	29	6
TCGA-BB-8601	3	5	11	12	0	15	26
TCGA-BB-A5HU	115	81	0	1	0	16	0
TCGA-BB-A5HY	61	54	13	2	49	34	26
TCGA-BB-A5HZ	0	18	0	8	37	17	0
TCGA-BB-A6UM	0	5	0	51	0	24	1
TCGA-BB-A6UO	4	20	9	22	0	9	54
TCGA-C9-A47Z	3	11	31	55	17	0	4
TCGA-C9-A480	1	14	3	27	10	5	0
TCGA-CN-4725	0	3	8	37	8	0	3
TCGA-CN-4726	7	6	15	29	0	25	1
TCGA-CN-4727	15	29	243	23	98	78	0
TCGA-CN-4728	19	18	7	7	12	12	8
TCGA-CN-4729	27	22	19	26	30	1	21
TCGA-CN-4730	71	21	17	26	5	4	47
TCGA-CN-4731	20	17	14	36	12	7	25
TCGA-CN-4733	0	1	0	9	2	0	0
TCGA-CN-4734	62	24	21	53	0	11	8
TCGA-CN-4735	18	78	21	8	0	42	2
TCGA-CN-4736	0	9	9	20	27	21	10
TCGA-CN-4737	0	4	6	17	0	22	1
TCGA-CN-4738	5	23	30	15	0	0	11
TCGA-CN-4739	13	6	119	28	0	35	35
TCGA-CN-4740	27	36	0	6	46	15	3
TCGA-CN-4741	8	30	15	33	14	0	16
TCGA-CN-4742	0	9	2	21	30	0	11
TCGA-CN-5355	5	0	35	23	23	3	26
TCGA-CN-5356	37	6	145	34	0	121	54
TCGA-CN-5358	1	0	0	0	12	0	3
TCGA-CN-5359	6	12	27	20	31	6	15
TCGA-CN-5360	11	43	341	15	80	66	23
TCGA-CN-5361	19	31	19	21	9	0	29
TCGA-CN-5363	23	18	82	2	10	44	28
TCGA-CN-5364	17	32	14	4	11	24	37
TCGA-CN-5365	0	22	0	0	46	3	2
TCGA-CN-5366	16	19	3	24	0	12	26
TCGA-CN-5367	7	0	2	11	10	35	24
TCGA-CN-5369	86	21	0	55	0	140	0
TCGA-CN-5370	26	17	8	35	0	0	13
TCGA-CN-5373	1	37	8	35	0	47	34
TCGA-CN-5374	47	76	0	30	0	15	1
TCGA-CN-6010	5	0	25	26	29	14	19
TCGA-CN-6011	205	165	0	6	0	2	21
TCGA-CN-6012	19	12	8	0	48	16	5
TCGA-CN-6013	38	133	0	25	0	0	0
TCGA-CN-6016	32	9	0	19	0	34	29
TCGA-CN-6018	21	25	4	42	0	0	14
TCGA-CN-6019	0	23	18	5	56	17	15
TCGA-CN-6020	15	22	20	38	1	1	24
TCGA-CN-6021	19	33	140	13	79	1	33
TCGA-CN-6022	16	20	17	17	0	6	6
TCGA-CN-6023	16	27	7	9	24	0	22
TCGA-CN-6024	1	23	35	22	10	40	57
TCGA-CN-6988	7	6	68	22	36	36	3
TCGA-CN-6989	8	36	12	14	0	9	35
TCGA-CN-6992	32	17	172	108	23	29	8
TCGA-CN-6994	32	19	19	13	5	37	0
TCGA-CN-6995	6	26	80	17	48	39	31
TCGA-CN-6996	9	14	0	10	5	14	0
TCGA-CN-6997	26	20	21	13	0	36	38
TCGA-CN-6998	28	11	0	49	0	0	10
TCGA-CN-A497	11	21	236	0	43	55	36
TCGA-CN-A498	27	35	4	9	26	11	15
TCGA-CN-A499	1	1	0	21	0	10	0
TCGA-CN-A49A	29	30	0	11	66	0	0
TCGA-CN-A49B	22	17	0	28	20	1	24
TCGA-CN-A49C	7	9	0	34	0	0	2
TCGA-CN-A63T	12	19	111	19	79	26	22
TCGA-CN-A63U	11	22	286	6	149	82	64
TCGA-CN-A63V	0	4	3	47	36	0	0
TCGA-CN-A63W	52	0	235	28	48	79	16
TCGA-CN-A641	1	35	117	9	66	18	0
TCGA-CN-A642	16	17	1	44	0	0	5
TCGA-CN-A6UY	1	5	3	11	10	16	0
TCGA-CN-A6V1	30	71	0	2	0	0	5
TCGA-CN-A6V3	15	19	128	27	39	0	37
TCGA-CN-A6V6	3	24	0	27	9	19	0
TCGA-CN-A6V7	9	16	0	28	0	5	0
TCGA-CQ-5323	0	8	3	24	13	1	4
TCGA-CQ-5324	6	13	0	31	1	20	1
TCGA-CQ-5325	0	7	0	0	13	12	13
TCGA-CQ-5326	123	59	4	29	0	13	22
TCGA-CQ-5327	98	118	0	42	0	0	0
TCGA-CQ-5329	0	1	3	16	0	8	3
TCGA-CQ-5330	0	9	1	25	0	11	16
TCGA-CQ-5331	86	48	6	11	0	5	0
TCGA-CQ-5332	9	20	13	41	35	29	8
TCGA-CQ-5333	60	76	14	38	33	0	0
TCGA-CQ-5334	65	29	6	50	30	0	7
TCGA-CQ-6218	36	34	14	38	3	0	25
TCGA-CQ-6219	15	4	0	13	3	3	17
TCGA-CQ-6220	43	8	9	35	0	6	17
TCGA-CQ-6221	58	11	0	6	37	0	9
TCGA-CQ-6222	1	2	7	24	0	8	4
TCGA-CQ-6223	4	1	16	31	10	34	0
TCGA-CQ-6224	0	7	0	31	13	3	4
TCGA-CQ-6225	23	2	17	24	37	4	39
TCGA-CQ-6227	9	0	6	25	0	6	1
TCGA-CQ-6228	7	3	4	12	17	43	20
TCGA-CQ-6229	0	1	5	15	0	8	0
TCGA-CQ-7063	61	21	0	30	20	0	10
TCGA-CQ-7065	0	7	0	8	3	13	2
TCGA-CQ-7068	24	29	5	31	0	28	0
TCGA-CQ-7069	72	12	0	3	0	15	1
TCGA-CQ-7071	321	164	17	3	0	23	0
TCGA-CQ-7072	2	9	25	6	0	48	34
TCGA-CQ-A4C6	40	23	4	20	10	24	5
TCGA-CQ-A4C7	0	16	1	7	6	6	11
TCGA-CQ-A4C9	12	13	7	26	0	21	12
TCGA-CQ-A4CB	14	16	0	14	0	30	19
TCGA-CQ-A4CD	95	5	11	35	12	0	8
TCGA-CQ-A4CE	5	4	0	21	16	19	0
TCGA-CQ-A4CG	1	12	15	24	33	7	0
TCGA-CQ-A4CH	0	0	0	1	0	3	2
TCGA-CQ-A4CI	10	3	17	42	32	14	2
TCGA-CR-5243	16	5	3	22	13	8	0
TCGA-CR-5247	1	5	7	24	9	0	29
TCGA-CR-5248	130	138	0	32	15	20	4
TCGA-CR-5249	4	5	3	15	0	0	6
TCGA-CR-5250	1	5	6	10	6	0	15
TCGA-CR-6467	3	5	0	23	0	20	3
TCGA-CR-6470	3	5	0	20	0	4	4
TCGA-CR-6471	0	16	15	46	21	22	28
TCGA-CR-6472	337	192	12	0	0	0	0
TCGA-CR-6473	21	27	1	36	8	4	6
TCGA-CR-6474	23	7	7	2	34	16	13
TCGA-CR-6477	6	14	6	9	0	16	27
TCGA-CR-6478	2	66	0	0	0	47	13
TCGA-CR-6480	36	83	0	6	0	0	0
TCGA-CR-6481	197	340	0	0	0	0	0
TCGA-CR-6482	8	5	1	11	5	13	0
TCGA-CR-6484	173	68	3	21	0	0	4
TCGA-CR-6487	42	38	0	46	0	16	0
TCGA-CR-6488	0	4	4	15	6	5	0
TCGA-CR-6491	3	12	8	22	12	17	54
TCGA-CR-6492	4	13	0	6	0	0	15
TCGA-CR-6493	2	3	1	8	22	0	0
TCGA-CR-7364	27	27	276	59	0	55	83
TCGA-CR-7365	98	41	6	4	28	16	6
TCGA-CR-7367	8	22	36	39	8	41	24
TCGA-CR-7368	80	63	1	18	0	21	26
TCGA-CR-7369	3	14	21	14	0	8	22
TCGA-CR-7370	60	56	365	55	25	34	20
TCGA-CR-7371	99	21	115	28	0	22	22
TCGA-CR-7372	0	1	5	23	21	0	0
TCGA-CR-7373	47	20	0	28	30	0	0
TCGA-CR-7374	72	54	150	19	4	41	22
TCGA-CR-7376	13	0	0	15	0	6	3
TCGA-CR-7377	7	23	0	26	0	29	33
TCGA-CR-7379	10	19	12	55	16	39	1
TCGA-CR-7380	2	10	8	62	10	0	3
TCGA-CR-7382	16	10	0	30	7	0	8
TCGA-CR-7383	3	9	18	28	33	16	26
TCGA-CR-7385	9	8	0	2	7	15	0
TCGA-CR-7386	102	70	0	13	3	0	0
TCGA-CR-7388	184	78	273	17	125	22	0
TCGA-CR-7389	0	0	2	16	0	42	28
TCGA-CR-7390	31	23	0	19	64	0	17
TCGA-CR-7391	1	0	0	1	0	0	0
TCGA-CR-7392	0	3	0	1	0	3	0
TCGA-CR-7394	14	60	0	35	0	0	16
TCGA-CR-7395	22	98	0	7	0	21	0
TCGA-CR-7397	3	7	0	9	12	0	1
TCGA-CR-7398	30	49	219	43	33	0	27
TCGA-CR-7399	29	41	137	37	54	0	20
TCGA-CR-7401	9	7	2	40	9	25	7
TCGA-CR-7404	39	54	0	21	0	0	1
TCGA-CV-5430	44	39	0	8	29	14	22
TCGA-CV-5432	21	6	149	20	48	51	22
TCGA-CV-5434	10	15	46	54	0	0	29
TCGA-CV-5435	4	19	9	4	28	45	19
TCGA-CV-5436	15	23	1	10	0	24	38
TCGA-CV-5439	1	12	49	0	0	38	20
TCGA-CV-5440	40	17	8	9	33	4	15
TCGA-CV-5441	8	22	263	44	48	46	10
TCGA-CV-5442	90	162	0	42	0	0	0
TCGA-CV-5443	0	11	13	23	7	3	0
TCGA-CV-5444	50	36	7	22	0	0	15
TCGA-CV-5966	15	23	0	11	6	46	27
TCGA-CV-5970	57	48	2	102	0	0	0
TCGA-CV-5971	0	3	0	5	0	1	0
TCGA-CV-5973	3	5	1	35	16	0	3
TCGA-CV-5976	10	21	5	20	0	10	19
TCGA-CV-5977	26	5	10	34	0	23	0
TCGA-CV-5978	4	17	67	17	51	4	25
TCGA-CV-5979	2	0	2	16	6	0	4
TCGA-CV-6003	10	23	4	40	17	2	0
TCGA-CV-6433	1	6	1	17	6	6	11
TCGA-CV-6436	7	15	7	41	10	5	4
TCGA-CV-6441	114	39	29	19	0	40	20
TCGA-CV-6933	14	15	13	14	0	14	51
TCGA-CV-6934	6	1	1	15	52	6	17
TCGA-CV-6935	34	36	115	9	31	19	5
TCGA-CV-6936	95	118	18	31	0	18	6
TCGA-CV-6937	8	32	1	17	40	20	14
TCGA-CV-6938	13	9	2	57	25	0	20
TCGA-CV-6939	0	3	0	2	27	0	0
TCGA-CV-6940	44	30	4	7	0	62	0
TCGA-CV-6941	1	20	12	26	26	74	4
TCGA-CV-6942	134	51	25	53	1	0	0
TCGA-CV-6943	14	19	0	7	0	0	0
TCGA-CV-6945	15	15	62	39	0	12	12
TCGA-CV-6948	44	37	12	15	65	39	0
TCGA-CV-6950	1	5	18	15	0	0	22
TCGA-CV-6951	33	25	13	22	24	3	29
TCGA-CV-6952	39	26	1	26	0	6	92
TCGA-CV-6953	22	22	17	46	0	16	3
TCGA-CV-6954	12	17	15	14	6	27	27
TCGA-CV-6955	11	9	4	21	14	25	1
TCGA-CV-6956	23	32	35	35	56	0	45
TCGA-CV-6959	6	0	19	34	6	4	0
TCGA-CV-6960	21	7	90	17	39	0	23
TCGA-CV-6961	337	311	0	0	0	0	0
TCGA-CV-6962	0	9	38	22	42	27	18
TCGA-CV-7089	81	49	2	0	0	0	36
TCGA-CV-7090	5	14	7	17	0	7	1
TCGA-CV-7091	13	20	3	12	57	17	15
TCGA-CV-7095	95	46	16	78	14	14	0
TCGA-CV-7097	10	10	4	28	14	3	18
TCGA-CV-7099	136	119	1	30	0	10	3
TCGA-CV-7100	0	2	0	6	4	2	0
TCGA-CV-7101	10	36	26	15	34	50	12
TCGA-CV-7102	54	31	9	22	21	23	8
TCGA-CV-7103	11	2	3	6	0	12	12
TCGA-CV-7104	12	25	0	15	64	0	0
TCGA-CV-7177	25	7	6	10	29	11	12
TCGA-CV-7178	25	14	9	33	0	52	1
TCGA-CV-7180	3	7	7	17	11	0	14
TCGA-CV-7183	0	15	22	25	0	3	0
TCGA-CV-7235	30	11	6	21	46	0	31
TCGA-CV-7236	0	3	3	24	0	17	0
TCGA-CV-7238	6	6	1	25	0	9	0
TCGA-CV-7242	22	15	153	22	78	24	32
TCGA-CV-7243	6	21	0	38	0	9	0
TCGA-CV-7245	23	26	225	13	204	62	46
TCGA-CV-7247	5	15	0	4	37	0	0
TCGA-CV-7248	20	37	184	0	0	64	7
TCGA-CV-7250	8	10	65	56	25	25	21
TCGA-CV-7252	37	83	14	73	28	0	21
TCGA-CV-7253	4	7	35	38	60	35	11
TCGA-CV-7254	16	16	132	9	46	52	6
TCGA-CV-7255	7	9	13	31	0	42	5
TCGA-CV-7261	15	11	26	31	0	30	1
TCGA-CV-7263	0	20	0	27	12	31	37
TCGA-CV-7406	56	157	0	12	0	0	0
TCGA-CV-7407	7	15	7	18	0	28	37
TCGA-CV-7410	15	1	1	0	0	4	0
TCGA-CV-7411	16	28	18	6	25	19	9
TCGA-CV-7413	5	21	11	25	0	17	1
TCGA-CV-7414	110	38	3	36	18	9	42
TCGA-CV-7415	23	15	6	11	0	20	3
TCGA-CV-7416	5	21	0	34	15	0	0
TCGA-CV-7418	27	0	4	3	71	56	12
TCGA-CV-7421	17	5	9	14	0	11	8
TCGA-CV-7422	20	13	22	26	38	14	5
TCGA-CV-7423	5	9	4	17	6	32	0
TCGA-CV-7424	42	23	39	49	0	34	8
TCGA-CV-7425	13	22	19	43	0	18	5
TCGA-CV-7427	304	202	0	0	0	0	0
TCGA-CV-7429	5	9	11	19	9	3	1
TCGA-CV-7430	2	22	33	27	0	18	24
TCGA-CV-7432	9	17	37	21	41	41	15
TCGA-CV-7433	24	18	19	9	5	8	20
TCGA-CV-7434	8	0	20	25	41	6	11
TCGA-CV-7435	5	19	4	0	11	18	28
TCGA-CV-7437	21	20	23	49	7	10	5
TCGA-CV-7438	27	5	9	34	0	15	12
TCGA-CV-7440	25	14	106	33	1	9	35
TCGA-CV-7446	35	29	32	21	10	8	31
TCGA-CV-A45O	35	95	0	11	4	0	0
TCGA-CV-A45P	75	61	13	32	0	0	0
TCGA-CV-A45Q	128	70	3	52	58	6	7
TCGA-CV-A45R	2	8	0	57	16	3	12
TCGA-CV-A45T	0	0	0	7	0	0	2
TCGA-CV-A45U	39	102	31	14	20	0	14
TCGA-CV-A45V	17	25	8	30	0	39	0
TCGA-CV-A45W	26	48	281	19	108	53	19
TCGA-CV-A45X	17	4	7	13	24	35	15
TCGA-CV-A45Y	8	0	7	7	0	10	9
TCGA-CV-A45Z	40	14	318	0	243	22	14
TCGA-CV-A460	6	8	5	19	20	0	15
TCGA-CV-A461	25	56	343	0	136	85	43
TCGA-CV-A463	61	97	13	64	0	5	11
TCGA-CV-A464	0	6	4	4	0	11	0
TCGA-CV-A465	6	4	1	13	12	0	0
TCGA-CV-A468	0	44	0	63	0	28	23
TCGA-CV-A6JD	0	13	9	51	14	12	0
TCGA-CV-A6JE	50	19	4	9	31	0	41
TCGA-CV-A6JM	90	217	9	5	16	5	0
TCGA-CV-A6JN	3	8	11	26	0	0	41
TCGA-CV-A6JO	2	0	0	37	26	0	0
TCGA-CV-A6JT	4	10	4	30	8	3	0
TCGA-CV-A6JU	9	0	14	0	17	80	20
TCGA-CV-A6JY	0	12	16	31	0	27	0
TCGA-CV-A6JZ	0	16	19	14	17	24	17
TCGA-CV-A6K0	0	2	0	3	2	0	0
TCGA-CV-A6K1	35	64	102	132	0	200	0
TCGA-CV-A6K2	408	365	0	0	0	0	0
TCGA-CX-7082	13	6	10	12	0	18	46
TCGA-CX-7085	38	33	0	11	0	0	0
TCGA-CX-7086	48	41	14	8	46	65	29
TCGA-CX-7219	25	25	7	26	40	0	5
TCGA-CX-A4AQ	15	18	16	30	8	4	21
TCGA-D6-6515	2	11	0	19	0	1	6
TCGA-D6-6517	3	7	11	9	0	29	16
TCGA-D6-6823	7	8	12	5	14	16	50
TCGA-D6-6824	0	2	9	0	0	7	0
TCGA-D6-6825	4	12	4	23	22	7	10
TCGA-D6-6826	24	15	1	30	24	15	0
TCGA-D6-6827	0	0	0	2	0	8	2
TCGA-D6-8568	11	13	15	14	20	25	12
TCGA-D6-8569	1	7	25	15	0	50	47
TCGA-D6-A4Z9	8	0	17	17	21	12	31
TCGA-D6-A4ZB	51	0	18	14	0	19	17
TCGA-D6-A6EK	0	25	52	27	26	18	38
TCGA-D6-A6EM	0	14	7	30	23	0	26
TCGA-D6-A6EN	14	17	19	42	11	0	6
TCGA-D6-A6EO	2	13	0	7	50	21	4
TCGA-D6-A6EP	20	12	33	5	39	25	15
TCGA-D6-A6EQ	9	26	10	0	0	56	0
TCGA-D6-A6ES	133	30	17	33	5	0	17
TCGA-D6-A74Q	74	80	208	39	27	19	30
TCGA-DQ-5624	19	43	0	10	0	11	0
TCGA-DQ-5625	101	25	1	35	2	0	46
TCGA-DQ-5629	28	24	133	22	91	73	8
TCGA-DQ-5630	6	0	2	20	0	21	8
TCGA-DQ-5631	11	13	5	36	17	17	2
TCGA-DQ-7588	24	26	10	6	12	0	37
TCGA-DQ-7591	4	4	0	5	0	22	5
TCGA-DQ-7592	8	4	5	17	0	45	5
TCGA-DQ-7593	0	0	0	10	13	0	0
TCGA-DQ-7596	3	0	0	10	5	0	0
TCGA-F7-7848	11	22	185	4	91	31	26
TCGA-F7-8298	50	4	6	18	0	0	33
TCGA-F7-8489	24	26	17	18	0	3	32
TCGA-F7-A50G	43	0	6	54	4	0	5
TCGA-F7-A50I	8	16	42	21	7	38	19
TCGA-F7-A50J	74	23	12	48	0	12	6
TCGA-F7-A61S	7	7	16	48	10	13	21
TCGA-F7-A61V	16	26	14	6	43	0	9
TCGA-F7-A61W	5	0	5	4	0	9	51
TCGA-F7-A620	4	7	6	19	9	0	11
TCGA-F7-A622	0	0	0	25	21	0	17
TCGA-F7-A623	26	37	14	32	9	52	33
TCGA-H7-7774	4	18	15	51	0	38	14
TCGA-H7-8501	86	55	3	30	0	0	0
TCGA-H7-A6C4	0	3	0	22	6	0	0
TCGA-H7-A6C5	5	7	29	29	16	27	4
TCGA-H7-A76A	39	35	0	8	0	0	0
TCGA-HD-7229	26	8	28	50	41	0	8
TCGA-HD-7753	7	2	28	5	8	2	51
TCGA-HD-7754	0	14	0	35	13	1	6
TCGA-HD-7831	0	3	0	10	21	2	0
TCGA-HD-7832	6	34	1	13	0	29	33
TCGA-HD-8224	5	6	15	23	0	6	18
TCGA-HD-8314	14	52	1	3	7	0	0
TCGA-HD-8634	10	12	6	16	0	19	0
TCGA-HD-8635	79	31	28	18	42	13	25
TCGA-HD-A4C1	64	72	6	41	0	39	6
TCGA-HD-A633	38	46	16	21	33	0	0
TCGA-HD-A634	0	5	14	19	4	2	0
TCGA-HD-A6HZ	23	8	9	35	0	15	0
TCGA-HD-A6I0	4	17	6	45	10	0	2
TCGA-IQ-7630	24	9	12	95	0	0	5
TCGA-IQ-7631	1	3	0	21	0	12	0
TCGA-IQ-7632	0	5	4	4	7	6	15
TCGA-IQ-A61E	88	51	2	26	13	7	1
TCGA-IQ-A61G	12	9	23	30	0	61	14
TCGA-IQ-A61H	32	24	2	35	33	0	23
TCGA-IQ-A61I	32	105	0	10	0	0	0
TCGA-IQ-A61J	0	0	7	19	0	10	3
TCGA-IQ-A61O	0	6	3	21	11	0	0
TCGA-IQ-A6SG	3	5	32	19	0	32	24
TCGA-IQ-A6SH	4	16	2	26	3	22	13
TCGA-KU-A66S	73	0	146	23	241	18	0
TCGA-KU-A66T	8	13	12	45	17	20	2
TCGA-KU-A6H7	66	78	0	6	0	0	0
TCGA-KU-A6H8	1	0	2	6	2	0	10
TCGA-MT-A51W	33	4	7	3	0	0	22
TCGA-MT-A51X	3	0	0	21	0	33	0
TCGA-MT-A67A	6	3	3	65	19	11	9
TCGA-MT-A67D	0	16	4	31	20	12	22
TCGA-MT-A67F	133	189	0	0	0	0	0
TCGA-MT-A7BN	6	10	9	34	5	0	3
TCGA-MZ-A5BI	5	0	0	14	0	16	0
TCGA-MZ-A6I9	4	3	0	10	13	0	0
TCGA-MZ-A7D7	46	11	10	3	30	12	25
TCGA-P3-A5Q5	166	124	0	27	0	0	0
TCGA-P3-A5Q6	20	20	9	34	24	0	34
TCGA-P3-A5QA	0	0	5	48	18	0	0
TCGA-P3-A5QE	9	0	3	26	6	0	1
TCGA-P3-A5QF	215	221	0	0	0	0	0
TCGA-P3-A6SW	12	17	0	15	21	0	5
TCGA-P3-A6SX	35	0	37	25	35	8	61
TCGA-P3-A6T0	4	7	0	46	25	9	11
TCGA-P3-A6T2	9	28	12	24	3	0	1
TCGA-P3-A6T3	56	33	4	27	3	0	0
TCGA-P3-A6T4	68	27	0	4	45	0	18
TCGA-P3-A6T5	58	79	18	57	0	0	26
TCGA-P3-A6T6	43	46	18	12	28	0	7
TCGA-P3-A6T7	38	6	0	42	40	2	23
TCGA-P3-A6T8	0	5	0	18	34	15	23
TCGA-QK-A64Z	32	13	4	19	0	9	11
TCGA-QK-A652	1	6	8	13	6	7	6
TCGA-QK-A6IF	0	8	0	15	0	8	0
TCGA-QK-A6IG	43	28	12	47	1	0	0
TCGA-QK-A6IH	18	10	1	19	0	19	11
TCGA-QK-A6II	106	6	2	16	0	31	39
TCGA-QK-A6IJ	0	2	0	26	24	0	0
TCGA-QK-A6V9	3	18	0	43	10	0	8
TCGA-QK-A6VB	0	0	54	76	0	326	0
TCGA-QK-A6VC	57	74	3	0	25	0	3
TCGA-QK-A8Z7	7	2	24	28	21	46	18
TCGA-QK-A8Z8	11	30	270	40	58	0	50
TCGA-QK-A8Z9	18	18	1	13	34	17	42
TCGA-QK-A8ZA	18	26	16	16	45	0	17
TCGA-QK-A8ZB	34	2	8	16	4	47	0
TCGA-QK-AA3J	28	35	4	12	7	0	56
TCGA-QK-AA3K	7	8	10	15	17	22	25
TCGA-RS-A6TO	38	52	5	35	37	0	5
TCGA-RS-A6TP	67	66	0	19	0	0	2
TCGA-T2-A6WX	94	87	0	20	0	23	0
TCGA-T2-A6WZ	17	2	9	30	17	0	24
TCGA-T2-A6X0	0	7	1	48	0	8	1
TCGA-T2-A6X2	245	166	2	0	18	0	0
TCGA-T3-A92M	231	61	32	18	0	27	10
TCGA-T3-A92N	25	81	5	46	0	0	29
TCGA-TN-A7HI	1	17	10	35	0	0	0
TCGA-TN-A7HJ	30	52	7	11	1	0	0
TCGA-TN-A7HL	341	418	0	0	0	0	0
TCGA-UF-A718	1	1	18	21	11	0	10
TCGA-UF-A719	0	6	1	29	54	21	12
TCGA-UF-A71A	10	20	26	28	57	12	68
TCGA-UF-A71B	12	18	0	12	46	38	31
TCGA-UF-A71D	25	57	202	69	21	84	68
TCGA-UF-A71E	8	15	37	75	21	8	30
TCGA-UF-A7J9	74	33	87	42	0	0	33
TCGA-UF-A7JA	67	16	32	13	0	35	24
TCGA-UF-A7JC	3	9	10	14	0	0	24
TCGA-UF-A7JD	2	2	16	23	40	12	20
TCGA-UF-A7JF	14	20	32	13	6	0	41
TCGA-UF-A7JH	3	9	25	32	8	1	6
TCGA-UF-A7JJ	2	0	21	3	12	8	8
TCGA-UF-A7JK	1	8	31	55	0	0	35
TCGA-UF-A7JO	56	20	8	70	13	10	1
TCGA-UF-A7JS	16	0	15	25	8	9	6
TCGA-UF-A7JT	88	53	16	50	12	0	0
TCGA-UF-A7JV	34	42	0	1	4	0	6
TCGA-UP-A6WW	1	3	1	19	5	15	1
TCGA-WA-A7GZ	64	44	22	35	0	32	32
TCGA-WA-A7H4	17	1	2	11	0	9	11
